20 1.6 16
30 2.8 44
40 1.9 63
50 2 83
60 2.1 104
70 1.2 116
80 3.5 151
90 4.7 198
100 3.2 230
110 4.4 274
120 5.9 333
130 1.8 351
140 7 421
150 8.9 510
160 8.9 599
170 8 679
180 8.3 762
190 4.8 810
200 11.1 921
210 12.7 1048
220 12.6 1174
230 13.2 1306
240 12.5 1431
250 12.9 1560
260 12.2 1682
270 12.6 1808
280 12.4 1932
290 12.5 2057
300 12.7 2184
310 12.7 2311
320 12.1 2432
330 12.5 2557
340 12.4 2681
350 12.8 2809
360 12.4 2933
370 12.7 3060
380 8.7 3147
390 0 3147
400 0 3147
410 0 3147
420 0 3147
430 0 3147
431 0 3147
