20 1.6 17.076629638671875 11.15183834356218 60.261962890625 13.843017578125 0 0
30 2.9 14.07160055226293 0.23081748432814245 60.261962890625 13.677001953125 17.076629638671875 16
40 1.9 14.079332853618421 0.16187949754552203 60.261962890625 13.677001953125 15.140055338541666 45
50 1.9 14.060161389802632 0.11856962108871752 60.261962890625 13.677001953125 14.825153350830078 64
60 2.1 14.142020089285714 0.2668038518749888 60.261962890625 13.676025390625 14.650034709149097 83
70 1.2 14.033467610677084 0.12246438906623885 60.261962890625 13.676025390625 14.547454833984375 104
80 3.5 13.925753348214286 0.12467342729474204 60.261962890625 13.609130859375 14.494283741918103 116
90 4.7 14.046610081449469 0.12722821269193643 60.261962890625 13.609130859375 14.36250517384106 151
100 3.2 14.099517822265625 0.11878127875098142 60.261962890625 13.609130859375 14.287519975142045 198
110 4.4 14.132479580965908 0.14531910202553336 60.261962890625 13.609130859375 14.261363153872283 230
120 6.2 14.113198557207662 0.3556560574410619 60.261962890625 13.609130859375 14.240666521726734 274
130 1.5 14.266943359375 0.13958319858525559 60.261962890625 13.609130859375 14.217145647321429 336
140 7.7 14.141284496753247 0.4063671241709183 60.261962890625 13.609130859375 14.219273754674145 351
150 8.4 14.165617443266369 0.6357340527529617 60.261962890625 13.609130859375 14.205242976964078 428
160 8.7 14.165417901400861 0.7661101421458045 60.261962890625 13.609130859375 14.198741912841797 512
170 8 14.0736083984375 0.17113088004582622 60.261962890625 13.609130859375 14.193901864435517 599
180 8.3 14.167474585843374 0.35063632158092795 60.261962890625 13.609130859375 14.17972884929584 679
190 4.9 14.14346002072704 0.205652562393748 60.261962890625 13.609130859375 14.178394067318733 762
200 15.3 14.087373621323529 0.22293783366845538 60.261962890625 13.609130859375 14.176283378930332 811
210 14.8 14.09793503220017 0.46509168339669515 60.261962890625 13.609130859375 14.162172182961617 964
220 14.6 14.106308192422945 0.26860657373014923 60.261962890625 13.609130859375 14.153622634119268 1112
230 14.9 14.196446361157719 1.1178117446766977 60.261962890625 13.609130859375 14.14813145090173 1258
240 15.7 14.10468812201433 0.7154992186326479 60.261962890625 13.609130859375 14.153247955257196 1407
250 13.3 14.029397835408835 0.14602495510002733 60.261962890625 13.54296875 14.148373342840873 1564
260 31.5 14.10186554439484 0.7477650898354996 60.261962890625 13.54296875 14.13904880395551 1697
270 31.5 14.027241443452379 0.5519219498826298 60.261962890625 13.447998046875 14.133227369183338 2012
280 30.4 14.131276983963815 1.2949787020924344 60.261962890625 13.447998046875 14.118880327238665 2327
290 31.3 14.056283384085466 0.4607428066215143 60.261962890625 13.447998046875 14.120312704146475 2631
300 28.3 14.254245286274296 1.010295802154826 60.261962890625 13.447998046875 14.113505239072053 2944
310 34.1 14.208017835868768 1.0006891167942544 60.261962890625 13.447998046875 14.125847796666795 3227
320 56.3 15.341537556893856 10.698318845898902 161.283935546875 13.447998046875 14.133700931018778 3568
330 65.2 14.073365755607739 0.9348621215695898 161.283935546875 13.447998046875 14.298312894312817 4131
340 63.3 13.99883792148005 0.32136338526468 161.283935546875 13.447998046875 14.267648973251617 4783
350 67.4 14.071699465063986 0.9245270155194157 161.283935546875 13.070068359375 14.236231433411994 5416
360 66.8 14.001020785577285 0.378917248277659 161.283935546875 13.070068359375 14.21802214824507 6090
370 63.6 14.05351286114387 0.5859281349120271 161.283935546875 13.070068359375 14.196572472266663 6758
380 4.7 14.035587391954786 0.21353008825159833 161.283935546875 13.070068359375 14.184267101334273 7394
390 0 0 0 161.283935546875 13.070068359375 14.18332798745968 7441
400 0 0 0 161.283935546875 13.070068359375 14.18332798745968 7441
410 0 0 0 161.283935546875 13.070068359375 14.18332798745968 7441
420 0 0 0 161.283935546875 13.070068359375 14.18332798745968 7441
430 0 0 0 161.283935546875 13.070068359375 14.18332798745968 7441
431 0 0 0 161.283935546875 13.070068359375 14.18332798745968 7441
