0 0 0
10 0 0
20 1.6 16
30 2.9 45
40 1.9 64
50 1.9 83
60 2.1 104
70 1.2 116
80 3.5 151
90 4.7 198
100 3.3 231
110 4.5 276
120 6 336
130 1.5 351
140 7.4 425
150 8.6 511
160 8.8 599
170 8.1 680
180 8.4 764
190 4.7 811
200 11.3 924
210 12.7 1051
220 14.4 1195
230 14.6 1341
240 15.6 1497
250 14.1 1638
260 30.8 1946
270 31.3 2259
280 31.3 2572
290 31 2882
300 29.1 3173
310 33.4 3507
320 58.9 4096
330 63.4 4730
340 64.1 5371
350 68.5 6056
360 65.6 6712
370 63.4 7346
380 9.5 7441
390 0 7441
400 0 7441
410 0 7441
420 0 7441
430 0 7441
431 0 7441
