20 1.6 163.80953979492188 37.8853638182693 267.63720703125 116.52490234375 0 0
30 2.8 166.96694510323658 58.85354599395963 321.430908203125 116.52490234375 163.80953979492188 16
40 1.9 136.75548673930922 14.350206503992204 321.430908203125 116.52490234375 165.81879771839488 44
50 2 135.82086181640625 20.692464106115295 321.430908203125 116.22509765625 157.05367218501985 63
60 2.1 137.83956473214286 15.734657151450767 321.430908203125 116.22509765625 151.93733233716114 83
70 1.2 139.15352376302081 19.941213273166934 321.430908203125 116.22509765625 149.09066772460938 104
80 3.5 177.3885532924107 50.24746055264115 321.430908203125 116.22509765625 148.06268731478988 116
90 4.7 182.47752347905578 61.73113297720315 356.818115234375 115.9150390625 154.86007346854305 151
100 3.2 161.75318908691406 43.08374420490321 356.818115234375 115.9150390625 161.41573079427081 198
110 4.4 191.37792413884944 67.92379173013936 390.64990234375 115.9150390625 161.46268151324728 230
120 5.9 211.83602439751056 81.04795310258689 443.455078125 115.9150390625 166.2665890881615 274
130 1.8 162.87148708767361 38.523583552810926 443.455078125 115.9150390625 174.34045300182999 333
140 7 270.88900669642857 123.34016288453303 567.8359375 115.9150390625 173.7523009036681 351
150 8.9 382.0286220593399 256.6388153831274 1074.6708984375 115.9150390625 189.9032971162411 421
160 8.9 277.8397587122544 128.05832251986052 1074.6708984375 115.9150390625 223.43104990042892 510
170 7.9 264.19287727452536 124.73703337499515 1074.6708984375 115.9150390625 231.51514853857998 599
180 8.3 237.8644342996988 115.58889713950504 1074.6708984375 115.9150390625 235.3227305004379 678
190 4.9 154.97110172193877 52.28496257520921 1074.6708984375 115.7041015625 235.59994655213129 761
200 11.1 1320.131820541245 673.0848237905946 2545.425048828125 115.7041015625 230.72239914882334 810
210 12.7 3373.9006885919043 391.3083460510943 3993.094970703125 115.7041015625 362.0193000983986 921
220 14.4 4255.635562472871 1664.795591493213 5740.9130859375 27.22998046875 727.0087431696536 1048
230 14.6 4650.848214763485 1515.4788351624723 5740.9130859375 27.072021484375 1153.2858085888345 1192
240 15.6 4050.0262451171875 2024.3360651411554 5740.9130859375 26.986083984375 1534.933126452436 1338
250 14.3 4673.206781987546 1552.9221790881281 5740.9130859375 26.971923828125 1797.5532914535747 1494
260 30.3 2165.5143648153885 2627.4013872784335 5898.1650390625 26.971923828125 2048.755764969981 1637
270 31.7 2220.817751718997 2701.7937880801373 5898.1650390625 26.77587890625 2066.991773090166 1940
280 30.5 2236.137367123461 2651.6530998515937 5898.1650390625 26.77587890625 2088.596928263112 2257
290 31.5 2196.314956907241 2674.443953085339 5898.1650390625 26.77587890625 2106.1612662226776 2562
300 28.3 2495.133293017061 2735.7030954347447 5898.1650390625 26.77587890625 2116.0321082684327 2877
310 33.9 2043.4468284764473 2605.355684480388 5898.1650390625 26.77587890625 2149.983258674718 3160
320 56.3 1216.3854759311157 2270.5940071385885 5898.1650390625 26.77587890625 2139.661495360281 3499
330 65.3 1086.1991716417008 2176.500658059397 5898.1650390625 26.75390625 2011.6938934551556 4062
340 63.1 1114.7849720805275 2199.401634690327 5898.1650390625 26.574951171875 1883.518272385339 4715
350 67.4 1058.294190902032 2129.585284933299 5898.1650390625 26.3369140625 1792.7830100410933 5346
360 66.8 1045.1148707224222 2132.116608205983 5898.1650390625 26.3369140625 1710.5495442437964 6020
370 63.4 1135.404202530436 2214.285291300329 5951.097900390625 26.3369140625 1644.0856743406448 6688
380 11.9 3939.8346490940125 2375.1718085572975 5951.097900390625 26.3369140625 1600.0397779834102 7322
390 0 0 0 5951.097900390625 26.3369140625 1637.458886928735 7441
400 0 0 0 5951.097900390625 26.3369140625 1637.458886928735 7441
410 0 0 0 5951.097900390625 26.3369140625 1637.458886928735 7441
420 0 0 0 5951.097900390625 26.3369140625 1637.458886928735 7441
430 0 0 0 5951.097900390625 26.3369140625 1637.458886928735 7441
431 0 0 0 5951.097900390625 26.3369140625 1637.458886928735 7441
