20 1.6 166.6416473388672 39.852119916703465 277.781982421875 118.29296875 0 0
30 2.9 168.80591662176727 57.84100861538683 323.1318359375 118.29296875 166.6416473388672 16
40 1.9 135.64016241776315 12.680229030439204 323.1318359375 117.94580078125 168.0363986545139 45
50 1.9 138.58239103618422 20.74468587595229 323.1318359375 117.94580078125 158.41876602172852 64
60 2.1 139.54639834449404 15.73419180750491 323.1318359375 117.94580078125 153.8779090973268 83
70 1.2 140.90169270833334 19.942484852656218 323.1318359375 117.94580078125 150.98404634915866 104
80 3.5 179.10609654017858 50.25572261082847 323.1318359375 117.94580078125 149.94104424838363 116
90 4.7 184.19037254820478 61.74508155905919 358.5859375 117.60595703125 156.70115570674668 151
100 3.3 163.94361091382578 42.50769208303406 358.5859375 117.60595703125 163.22637384588066 198
110 4.5 192.29705403645832 67.3903364070314 392.39404296875 117.60595703125 163.32883628415854 231
120 6 216.22543538411458 80.53667262338662 445.10595703125 117.60595703125 168.05191526551178 276
130 1.5 150.07483723958333 14.584356032124578 445.10595703125 117.60595703125 176.65432957240515 336
140 7.4 278.4068438555743 123.02730177807405 569.576904296875 117.60595703125 175.5184538316863 351
150 8.6 382.2354111782339 261.2891715056183 1076.383056640625 117.60595703125 193.4331382123162 425
160 8.8 280.0005937056108 128.71749926112773 1076.383056640625 117.60595703125 225.2080804335861 511
170 8.1 263.51910927854937 124.22551281504444 1076.383056640625 117.60595703125 233.25773179909223 599
180 8.4 237.3345860072545 116.12277427308685 1076.383056640625 117.60595703125 236.86239588120404 680
190 4.7 157.57264482214092 53.17601918746598 1076.383056640625 117.39697265625 236.91431207307346 764
200 11.3 1367.0694893355922 689.436815770102 2678.93310546875 117.39697265625 232.3162129845484 811
210 12.7 3404.055527574434 379.2663806926794 3994.926025390625 117.39697265625 371.0901526248816 924
220 14.4 4287.636018541126 1669.9032981072494 5742.73193359375 28.94287109375 737.585492889956 1051
230 14.6 4606.573488000321 1559.8728156031411 5742.73193359375 28.7880859375 1165.374008114867 1195
240 15.6 4062.3758059770635 2029.0445469257743 5742.73193359375 28.60693359375 1540.0310730390102 1341
250 14.1 4700.671473293439 1511.9726467823004 5742.73193359375 28.60693359375 1802.880624367224 1497
260 30.8 2189.1246266550834 2636.3755258490078 5899.921142578125 28.60693359375 2052.3241589817517 1638
270 31.3 2196.6822498065603 2695.1939859313206 5899.921142578125 28.31005859375 2073.9760315631424 1946
280 31.3 2215.472077488517 2647.00898172954 5899.921142578125 28.31005859375 2090.977822758445 2259
290 31 2234.915303679436 2683.929983921702 5899.921142578125 28.31005859375 2106.1281733535125 2572
300 29.1 2408.728815137726 2723.7217056471986 5899.921142578125 28.31005859375 2119.98105690696 2882
310 33.4 2075.7947259777316 2613.591141615093 5899.921142578125 28.31005859375 2146.4624932905567 3173
320 58.9 1194.3680314224316 2254.716507366498 5899.921142578125 28.31005859375 2139.732229736954 3507
330 63.4 1119.7039328975263 2201.104250147676 5899.921142578125 28.31005859375 2003.7899658679958 4096
340 64.1 1099.0529427134115 2185.3296622123767 5899.921142578125 28.31005859375 1885.2887935840047 4730
350 68.5 1043.359266651462 2116.1487542412788 5899.921142578125 28.001953125 1791.4557680006774 5371
360 65.6 1065.8426714641307 2147.8427295232204 5899.921142578125 28.001953125 1706.8378513190044 6056
370 63.4 1143.1753457246884 2215.5831575979255 5952.6240234375 28.001953125 1644.1899314762159 6712
380 9.5 4595.8054430509865 1902.0472298676882 5952.6240234375 28.001953125 1600.9496309907179 7346
390 0 0 0 5952.6240234375 28.001953125 1639.1852582109473 7441
400 0 0 0 5952.6240234375 28.001953125 1639.1852582109473 7441
410 0 0 0 5952.6240234375 28.001953125 1639.1852582109473 7441
420 0 0 0 5952.6240234375 28.001953125 1639.1852582109473 7441
430 0 0 0 5952.6240234375 28.001953125 1639.1852582109473 7441
431 0 0 0 5952.6240234375 28.001953125 1639.1852582109473 7441
