20 410.4109375 410.4109375
30 691.159375 1101.5703125
40 471.15859375 1572.72890625
50 487.2125 2059.94140625
60 495.71484375 2555.65625
70 298.36875 2854.025
80 871.50078125 3725.52578125
90 1167.35234375 4892.878125
100 790.615625 5683.49375
110 1094.01875 6777.5125
120 1480.82421875 8258.33671875
130 467.690625 8726.02734375
140 1725.38125 10451.40859375
150 2209.12578125 12660.534375
160 2226.74609375 14887.28046875
170 1965.51953125 16852.8
180 2052.38984375 18905.18984375
190 1186.87421875 20092.0640625
200 2730.96328125 22823.02734375
210 3136.33984375 25959.3671875
220 3136.1484375 29095.515625
230 3280.1296875 32375.6453125
240 3126.9359375 35502.58125
250 3204.27890625 38706.86015625
260 3223.89765625 41930.7578125
270 3361.18359375 45291.94140625
280 3320.75234375 48612.69375
290 3336.27734375 51948.97109375
300 3339.26171875 55288.2328125
310 3417.13984375 58705.37265625
320 3559.43671875 62264.809375
330 3778.45859375 66043.26796875
340 3722.50234375 69765.7703125
350 3870.171875 73635.9421875
360 3770.63125 77406.5734375
370 3795.8359375 81202.409375
380 2190.95390625 83393.36328125
390 0 83393.36328125
400 0 83393.36328125
410 0 83393.36328125
420 0 83393.36328125
430 0 83393.36328125
431 0 83393.36328125
