20 0.7375 0.7375
30 1.33671875 2.07421875
40 0.87578125 2.95
50 0.87578125 3.82578125
60 0.96796875 4.79375
70 0.553125 5.346875
80 1.61328125 6.96015625
90 2.16640625 9.1265625
100 1.475 10.6015625
110 2.028125 12.6296875
120 2.8578125 15.4875
130 0.69140625 16.17890625
140 3.54921875 19.728125
150 3.871875 23.6
160 4.01015625 27.61015625
170 3.6875 31.29765625
180 3.82578125 35.1234375
190 2.25859375 37.38203125
200 7.05234375 44.434375
210 6.821875 51.25625
220 6.7296875 57.9859375
230 6.86796875 64.85390625
240 7.23671875 72.090625
250 6.13046875 78.22109375
260 14.51953125 92.740625
270 14.51953125 107.26015625
280 14.0125 121.27265625
290 14.42734375 135.7
300 13.04453125 148.74453125
310 15.71796875 164.4625
320 25.95078125 190.41328125
330 30.053125 220.46640625
340 29.17734375 249.64375
350 31.0671875 280.7109375
360 30.790625 311.5015625
370 29.315625 340.8171875
380 2.16640625 342.98359375
390 0 342.98359375
400 0 342.98359375
410 0 342.98359375
420 0 342.98359375
430 0 342.98359375
431 0 342.98359375
