0 0 0
10 0 0
20 1.6 16
30 2.9 45
40 1.9 64
50 1.9 83
60 2.1 104
70 1.2 116
80 3.6 152
90 4.6 198
100 3.4 232
110 4.4 276
120 6 336
130 1.5 351
140 7.9 430
150 8.8 518
160 8.5 603
170 8 683
180 8.1 764
190 4.8 812
200 15.5 967
210 14.9 1116
220 14.6 1262
230 15.1 1413
240 15.4 1567
250 13.1 1698
260 31.7 2015
270 31.4 2329
280 31.3 2642
290 30.9 2951
300 29.1 3242
310 33.4 3576
320 59.2 4168
330 63 4798
340 64.5 5443
350 68.3 6126
360 65.5 6781
370 63.4 7415
380 2.6 7441
390 0 7441
400 0 7441
410 0 7441
420 0 7441
430 0 7441
431 0 7441
