10 3 30
20 3.4 64
30 3.4 98
40 3.6 134
50 3.4 168
60 3.4 202
70 3.6 238
80 3.3 271
90 3.8 309
100 3.1 340
110 3 370
120 3.1 401
130 2.4 425
140 5.6 481
150 5.7 538
160 3.1 569
170 4.1 610
180 3.2 642
190 3.7 679
200 7.5 754
210 5.6 810
220 4 850
230 4.5 895
240 4.6 941
250 4.1 982
260 4.6 1028
270 3.7 1065
280 3 1095
290 4.1 1136
300 4.1 1177
310 3.6 1213
320 5.6 1269
330 5 1319
340 3.5 1354
350 4.1 1395
360 3.2 1427
370 3.3 1460
380 3 1490
390 3.9 1529
400 3.6 1565
410 3.9 1604
420 4.4 1648
430 3.7 1685
440 3.2 1717
450 3.2 1749
460 5.4 1803
470 3.4 1837
480 4.2 1879
490 3.2 1911
500 4.5 1956
510 4.2 1998
520 3.4 2032
530 3.4 2066
540 4.3 2109
550 4.2 2151
560 3.4 2185
570 3.5 2220
580 4 2260
590 3.4 2294
600 4.8 2342
610 7 2412
620 7.6 2488
630 8.8 2576
640 7.6 2652
650 7.2 2724
660 6.9 2793
670 7.2 2865
680 7.6 2941
690 7.9 3020
700 7.6 3096
710 6.9 3165
720 6.5 3230
730 8.5 3315
740 8 3395
750 7.4 3469
760 7.2 3541
770 7.2 3613
780 7.4 3687
790 7.1 3758
800 7.5 3833
810 7 3903
820 6 3963
830 8.6 4049
840 7.6 4125
850 7.8 4203
860 9.4 4297
870 9.5 4392
880 10.2 4494
890 9.2 4586
900 8.2 4668
910 6.5 4733
920 7.8 4811
930 8.5 4896
940 8 4976
950 7 5046
960 7 5116
970 6.8 5184
980 7.8 5262
990 7.2 5334
1000 9.3 5427
1010 8 5507
1020 9.6 5603
1030 7.5 5678
1040 9.5 5773
1050 8.7 5860
1060 5 5910
1070 8.9 5999
1080 7.8 6077
1090 7.3 6150
1100 7.2 6222
1110 6.7 6289
1120 9.9 6388
1130 7.9 6467
1140 6.7 6534
1150 7.4 6608
1160 8.6 6694
1170 9 6784
1180 8.8 6872
1190 7.7 6949
1200 6.8 7017
1210 11.8 7135
1220 13 7265
1230 13.8 7403
1240 13 7533
1250 13.5 7668
1260 13.9 7807
1270 13.7 7944
1280 14.4 8088
1290 15.2 8240
1300 14.7 8387
1310 12.4 8511
1320 9.6 8607
1330 6.5 8672
1340 5.6 8728
1350 4.8 8776
1360 4 8816
1370 0.5 8821
1380 0 8821
1390 1.2 8833
1400 1.8 8851
1410 1.6 8867
1420 1.3 8880
1430 5.9 8939
1440 5.7 8996
1450 6.3 9059
1460 8.5 9144
1470 10.9 9253
1480 7.6 9329
1490 5.4 9383
1500 9.7 9480
1510 11.7 9597
1520 8.4 9681
1530 5.5 9736
1540 7.6 9812
1550 9.3 9905
1560 7.8 9983
1570 6.8 10051
1580 7.6 10127
1590 9.2 10219
1600 6.8 10287
1610 7.2 10359
1620 9.1 10450
1630 9.6 10546
1640 9.6 10642
1650 5.7 10699
1660 4.9 10748
1670 7.8 10826
1680 7.3 10899
1690 7.9 10978
1700 7.3 11051
1710 8.8 11139
1720 7 11209
1730 6.1 11270
1740 9.5 11365
1750 11.2 11477
1760 11 11587
1770 10.8 11695
1780 9.6 11791
1790 8.3 11874
1800 4.9 11923
1810 0.3 11926
1820 0.3 11929
1830 0.6 11935
1840 0 11935
1850 0 11935
1860 3.3 11968
1870 5.6 12024
1880 6.1 12085
1890 7.7 12162
1900 4 12202
1910 2.9 12231
1920 3.6 12267
1930 4.7 12314
1940 11 12424
1950 11.7 12541
1960 10.6 12647
1970 10.1 12748
1980 2.9 12777
1990 5.3 12830
2000 10.6 12936
2010 11.5 13051
2020 9.3 13144
2030 5.9 13203
2040 6.8 13271
2050 6.2 13333
2060 7.7 13410
2070 8 13490
2080 6 13550
2090 7.2 13622
2100 6.6 13688
2110 4.8 13736
2120 5.5 13791
2130 9 13881
2140 8.1 13962
2150 6.4 14026
2160 8.6 14112
2170 9 14202
2180 7 14272
2190 6.5 14337
2200 5.7 14394
2210 2.7 14421
2220 0.3 14424
2230 0 14424
2240 0 14424
2250 0 14424
2260 1.6 14440
2270 3.1 14471
2280 2 14491
2290 3 14521
2300 5 14571
2310 5.7 14628
2320 5.9 14687
2330 2.2 14709
2340 7.5 14784
2350 9.8 14882
2360 11.1 14993
2370 9.9 15092
2380 5.5 15147
2390 2.8 15175
2400 4.7 15222
2410 6.4 15286
2420 7 15356
2430 7.9 15435
2440 7.8 15513
2450 7.1 15584
2460 8.9 15673
2470 8.6 15759
2480 6.9 15828
2490 5.5 15883
2500 2.7 15910
2510 0.8 15918
2520 2.9 15947
2530 5.1 15998
2540 6.1 16059
2550 6.8 16127
2560 5.8 16185
2570 7 16255
2580 8.8 16343
2590 7.7 16420
2600 6.7 16487
2610 3.6 16523
2620 4.2 16565
2630 2.7 16592
2640 3.1 16623
2650 0.8 16631
2660 1 16641
2670 1 16651
2680 3.1 16682
2690 3.3 16715
2700 4.2 16757
2710 1.3 16770
2720 4.9 16819
2730 7.8 16897
2740 7.8 16975
2750 3.7 17012
2760 9.8 17110
2770 10 17210
2780 12.8 17338
2790 10.7 17445
2800 7.7 17522
2810 6.8 17590
2820 5.5 17645
2830 7.5 17720
2840 8.7 17807
2850 10.1 17908
2860 6.5 17973
2870 5.9 18032
2880 9.7 18129
2890 11.4 18243
2900 9.2 18335
2910 8.8 18423
2920 6.5 18488
2930 3.3 18521
2940 5.1 18572
2950 5 18622
2960 6.1 18683
2970 3.4 18717
2980 2.4 18741
2990 3.2 18773
3000 7.2 18845
3010 9.2 18937
3020 10.5 19042
3030 8.5 19127
3040 4.3 19170
3050 2 19190
3060 1 19200
3070 0.4 19204
3080 1.3 19217
3090 2.6 19243
3100 5.1 19294
3110 7.6 19370
3120 5.7 19427
3130 3.4 19461
3140 1.8 19479
3150 2.4 19503
3160 4 19543
3170 2.4 19567
3180 6.1 19628
3190 7.2 19700
3200 6.6 19766
3210 13.7 19903
3220 15 20053
3230 13.7 20190
3240 8.5 20275
3250 7.1 20346
3260 11 20456
3270 5.4 20510
3280 8.3 20593
3290 7.1 20664
3300 1.4 20678
3310 0 20678
3320 0.2 20680
3330 8.4 20764
3340 12.7 20891
3350 13.5 21026
3360 11.2 21138
3370 4.1 21179
3380 3.9 21218
3390 2.3 21241
3400 1.9 21260
3410 1.4 21274
3420 1.9 21293
3430 0.6 21299
3440 3.9 21338
3450 10.6 21444
3460 12 21564
3470 12.3 21687
3480 9.9 21786
3490 7.3 21859
3500 4.9 21908
3510 3.4 21942
3520 2.3 21965
3530 1.6 21981
3540 1.6 21997
3550 0.8 22005
3560 3.9 22044
3570 8.4 22128
3580 10.4 22232
3590 7.3 22305
3600 4.1 22346
3610 1.2 22358
3620 1 22368
3630 1.1 22379
3640 0.1 22380
3650 0.6 22386
3660 4.2 22428
3670 3.8 22466
3680 4.3 22509
3690 2 22529
3700 2 22549
3710 3.7 22586
3720 7 22656
3730 10.2 22758
3740 10.3 22861
3750 1 22871
3760 0.1 22872
3770 3.3 22905
3780 15.9 23064
3790 12.7 23191
3800 12.4 23315
3810 6.1 23376
3820 4.1 23417
3830 2.7 23444
3840 4.9 23493
3850 8.6 23579
3860 8.2 23661
3870 5.5 23716
3880 3 23746
3890 5.8 23804
3900 6.9 23873
3910 8.2 23955
3920 9.3 24048
3930 6.1 24109
3940 4.5 24154
3950 2.8 24182
3960 2 24202
3970 5.3 24255
3980 4.1 24296
3990 4.2 24338
4000 3.3 24371
4010 7.8 24449
4020 10.9 24558
4030 8.2 24640
4040 4.8 24688
4050 2.1 24709
4060 1.4 24723
4070 1 24733
4080 0.4 24737
4090 0.4 24741
4100 2.3 24764
4110 5.3 24817
4120 3.8 24855
4130 4 24895
4140 3.7 24932
4150 5.8 24990
4160 6.1 25051
4170 3.6 25087
4180 3.2 25119
4190 5.8 25177
4200 7.9 25256
4210 11.8 25374
4220 12.8 25502
4230 2.4 25526
4240 2.9 25555
4250 4.1 25596
4260 1.2 25608
4261 0 25608
