40 0.1 1
50 0 1
60 0 1
70 0 1
80 0 1
90 0 1
100 0.1 2
110 0.7 9
120 0.6 15
130 0.4 19
140 0.8 27
150 0 27
160 0 27
170 0 27
180 0 27
190 0 27
200 0.8 35
210 0 35
220 0 35
230 0 35
240 0 35
250 0 35
260 0 35
270 0 35
280 0 35
290 0 35
300 0 35
310 0 35
320 0 35
330 0 35
340 0 35
350 0 35
360 0 35
370 0 35
380 0 35
390 0 35
400 0 35
410 0 35
420 0 35
430 0 35
440 0 35
450 0 35
460 0 35
470 0 35
480 0.1 36
490 0 36
500 0 36
510 0.1 37
520 0 37
530 0 37
540 0 37
550 0 37
560 0 37
570 0 37
580 0 37
590 0 37
600 0 37
610 0 37
620 0 37
630 0 37
640 0.1 38
650 0 38
660 0 38
670 0 38
680 0 38
690 0 38
700 0 38
710 0 38
720 0 38
730 0 38
740 0 38
750 0 38
760 0.1 39
770 0 39
780 0 39
790 0 39
800 0 39
810 0 39
820 0 39
830 0 39
840 0 39
850 0 39
860 0 39
870 0 39
880 0 39
890 0 39
900 0 39
910 0 39
920 0 39
930 0 39
940 0 39
950 0 39
960 0 39
970 0 39
980 0 39
990 0 39
1000 0 39
1010 0 39
1020 0 39
1030 0 39
1040 0 39
1050 0 39
1060 0 39
1070 0 39
1080 0 39
1090 0 39
1100 0 39
1110 0 39
1120 0 39
1130 0 39
1140 0 39
1150 0 39
1160 0 39
1170 0.1 40
1180 0 40
1190 0 40
1200 0 40
1210 0.1 41
1220 0.1 42
1230 0 42
1240 0 42
1250 0 42
1260 0 42
1270 0 42
1280 0 42
1290 0 42
1300 0.3 45
1310 0.1 46
1320 1 56
1330 4.6 102
1340 9.4 196
1350 18.1 377
1360 18.7 564
1370 22.4 788
1380 12.6 914
1390 17.3 1087
1400 20.2 1289
1410 14.3 1432
1420 10.9 1541
1430 0.9 1550
1440 3.1 1581
1450 2.9 1610
1460 6.5 1675
1470 4.8 1723
1480 6.6 1789
1490 6 1849
1500 5.7 1906
1510 4.3 1949
1520 5.3 2002
1530 7.2 2074
1540 9.2 2166
1550 9.6 2262
1560 10.9 2371
1570 8.8 2459
1580 9.4 2553
1590 6.7 2620
1600 7.9 2699
1610 3.8 2737
1620 6.1 2798
1630 11.4 2912
1640 7.5 2987
1650 12.7 3114
1660 14.4 3258
1670 5 3308
1680 5.2 3360
1690 7.4 3434
1700 12.9 3563
1710 11.2 3675
1720 6.9 3744
1730 7.1 3815
1740 6.1 3876
1750 4.3 3919
1760 0.8 3927
1770 2.2 3949
1780 3.4 3983
1790 13.7 4120
1800 28.2 4402
1810 14.4 4546
1820 44.7 4993
1830 17.3 5166
1840 59.5 5761
1850 33.8 6099
1860 13.8 6237
1870 10.2 6339
1880 22.4 6563
1890 23.1 6794
1900 37.5 7169
1910 25.7 7426
1920 28 7706
1930 20.7 7913
1940 11.7 8030
1950 25.9 8289
1960 32.2 8611
1970 25.1 8862
1980 29.2 9154
1990 17.6 9330
2000 16.7 9497
2010 15.6 9653
2020 21.7 9870
2030 30.7 10177
2040 24.7 10424
2050 18.2 10606
2060 20.6 10812
2070 22.2 11034
2080 32.3 11357
2090 26.5 11622
2100 23.6 11858
2110 26.2 12120
2120 28.6 12406
2130 25.6 12662
2140 17.9 12841
2150 26.7 13108
2160 25.1 13359
2170 19.8 13557
2180 20.7 13764
2190 26.3 14027
2200 37.7 14404
2210 37.8 14782
2220 33.5 15117
2230 54.4 15661
2240 26.1 15922
2250 29.1 16213
2260 13.3 16346
2270 37.7 16723
2280 36.3 17086
2290 8.7 17173
2300 19.6 17369
2310 23.9 17608
2320 31.2 17920
2330 28.5 18205
2340 8.4 18289
2350 22.8 18517
2360 26.8 18785
2370 19.8 18983
2380 37 19353
2390 39.1 19744
2400 23.8 19982
2410 58.3 20565
2420 44 21005
2430 54 21545
2440 40.4 21949
2450 57.9 22528
2460 50.9 23037
2470 54 23577
2480 60.3 24180
2490 69.7 24877
2500 61.6 25493
2510 67.3 26166
2520 55.9 26725
2530 58.4 27309
2540 64.6 27955
2550 53.1 28486
2560 50 28986
2570 40.1 29387
2580 65.5 30042
2590 52.2 30564
2600 60 31164
2610 61 31774
2620 43.5 32209
2630 75.7 32966
2640 73.6 33702
2650 59.3 34295
2660 74.2 35037
2670 59.2 35629
2680 41.7 36046
2690 78.9 36835
2700 66.8 37503
2710 48.3 37986
2720 60 38586
2730 51.2 39098
2740 61.7 39715
2750 59.6 40311
2760 22.8 40539
2770 57.3 41112
2780 51.2 41624
2790 44.5 42069
2800 62.4 42693
2810 51 43203
2820 58.7 43790
2830 55.1 44341
2840 53.3 44874
2850 55.8 45432
2860 61 46042
2870 52.4 46566
2880 44.8 47014
2890 44.2 47456
2900 50.6 47962
2910 57.8 48540
2920 57.4 49114
2930 64.1 49755
2940 51.3 50268
2950 63.6 50904
2960 51.5 51419
2970 77.4 52193
2980 66.7 52860
2990 55.8 53418
3000 32.1 53739
3010 101.9 54758
3020 110.2 55860
3030 81.1 56671
3040 155.7 58228
3050 136.7 59595
3060 142.9 61024
3070 117.3 62197
3080 112.7 63324
3090 109.8 64422
3100 95.8 65380
3110 142.3 66803
3120 127.6 68079
3130 130.2 69381
3140 119.4 70575
3150 71 71285
3160 170.1 72986
3170 121.3 74199
3180 113.6 75335
3190 112.4 76459
3200 107.3 77532
3210 88.2 78414
3220 108 79494
3230 118.3 80677
3240 112.9 81806
3250 110 82906
3260 108.5 83991
3270 115.4 85145
3280 126.4 86409
3290 131.6 87725
3300 129.4 89019
3310 123.5 90254
3320 118.5 91439
3330 88.2 92321
3340 106.3 93384
3350 120.6 94590
3360 112.6 95716
3370 112.7 96843
3380 117.6 98019
3390 116.6 99185
3400 130.3 100488
3410 119.2 101680
3420 118.3 102863
3430 153.1 104394
3440 114 105534
3450 104.3 106577
3460 96.5 107542
3470 105.6 108598
3480 111 109708
3490 116.7 110875
3500 111.3 111988
3510 133.1 113319
3520 115.5 114474
3530 145.9 115933
3540 131 117243
3550 29.4 117537
3560 140.4 118941
3570 154.4 120485
3580 126.3 121748
3590 109.1 122839
3600 115.3 123992
3610 231.3 126305
3620 256.8 128873
3630 243.4 131307
3640 254.8 133855
3650 222.9 136084
3660 253.2 138616
3670 88.9 139505
3680 339.9 142904
3690 287.2 145776
3700 148.5 147261
3710 284.8 150109
3720 268 152789
3730 228.5 155074
3740 256.9 157643
3750 234.4 159987
3760 261.1 162598
3770 217 164768
3780 175.4 166522
3790 247 168992
3800 242.6 171418
3810 227.2 173690
3820 245.3 176143
3830 246.6 178609
3840 203.5 180644
3850 245.9 183103
3860 188.8 184991
3870 319.7 188188
3880 250.5 190693
3890 233.5 193028
3900 219.6 195224
3910 229.3 197517
3920 249 200007
3930 241.2 202419
3940 234.1 204760
3950 250 207260
3960 241.4 209674
3970 224.3 211917
3980 210 214017
3990 294.4 216961
4000 216.3 219124
4010 229.1 221415
4020 234.4 223759
4030 241.9 226178
4040 226.1 228439
4050 171.3 230152
4060 324.9 233401
4070 262.9 236030
4080 256.1 238591
4090 210.6 240697
4100 28.2 240979
4110 357.8 244557
4120 311.3 247670
4130 156.5 249235
4140 284.8 252083
4150 305.2 255135
4160 238.1 257516
4170 249.8 260014
4180 256.6 262580
4190 218.2 264762
4200 223.9 267001
4210 18.6 267187
4220 3.8 267225
4230 1.6 267241
4240 0.8 267249
4250 1.3 267262
4260 1.7 267279
4261 0.1 267280
