10 13 13
20 20 7
30 23 3
40 32 9
50 28 -4
60 30 2
70 33 3
80 52 19
90 55 3
100 65 10
110 64 -1
120 66 2
130 75 9
140 60 -15
150 38 -22
160 45 7
170 44 -1
180 61 17
190 62 1
200 11 -51
210 4 -7
220 6 2
230 11 5
240 3 -8
250 7 4
260 1 -6
270 4 3
280 4 0
290 4 0
300 5 1
310 10 5
320 11 1
330 2 -9
340 9 7
350 2 -7
360 3 1
370 2 -1
380 4 2
390 4 0
400 5 1
410 5 0
420 6 1
430 3 -3
440 0 -3
450 9 9
460 5 -4
470 2 -3
480 7 5
490 9 2
500 5 -4
510 5 0
520 0 -5
530 3 3
540 4 1
550 6 2
560 9 3
570 4 -5
580 0 -4
590 6 6
600 4 -2
610 15 11
620 11 -4
630 15 4
640 12 -3
650 12 0
660 10 -2
670 7 -3
680 12 5
690 12 0
700 9 -3
710 14 5
720 9 -5
730 13 4
740 8 -5
750 8 0
760 7 -1
770 7 0
780 7 0
790 7 0
800 6 -1
810 10 4
820 9 -1
830 15 6
840 13 -2
850 12 -1
860 23 11
870 10 -13
880 22 12
890 5 -17
900 6 1
910 6 0
920 9 3
930 11 2
940 7 -4
950 7 0
960 10 3
970 9 -1
980 10 1
990 16 6
1000 16 0
1010 19 3
1020 16 -3
1030 15 -1
1040 10 -5
1050 9 -1
1060 12 3
1070 12 0
1080 10 -2
1090 8 -2
1100 6 -2
1110 21 15
1120 10 -11
1130 10 0
1140 11 1
1150 5 -6
1160 14 9
1170 13 -1
1180 12 -1
1190 6 -6
1200 10 4
1210 33 23
1220 51 18
1230 49 -2
1240 65 16
1250 88 23
1260 107 19
1270 110 3
1280 122 12
1290 133 11
1300 115 -18
1310 141 26
1320 176 35
1330 219 43
1340 248 29
1350 190 -58
1360 128 -62
1370 70 -58
1380 125 55
1390 97 -28
1400 16 -81
1410 0 -16
1420 29 29
1430 112 83
1440 180 68
1450 246 66
1460 262 16
1470 269 7
1480 283 14
1490 322 39
1500 323 1
1510 317 -6
1520 351 34
1530 386 35
1540 384 -2
1550 347 -37
1560 325 -22
1570 304 -21
1580 299 -5
1590 279 -20
1600 307 28
1610 359 52
1620 366 7
1630 323 -43
1640 322 -1
1650 314 -8
1660 288 -26
1670 305 17
1680 361 56
1690 348 -13
1700 317 -31
1710 279 -38
1720 262 -17
1730 270 8
1740 255 -15
1750 253 -2
1760 278 25
1770 305 27
1780 303 -2
1790 255 -48
1800 96 -159
1810 270 174
1820 166 -104
1830 286 120
1840 10 -276
1850 1 -9
1860 155 154
1870 300 145
1880 319 19
1890 318 -1
1900 219 -99
1910 252 33
1920 253 1
1930 349 96
1940 465 116
1950 385 -80
1960 286 -99
1970 243 -43
1980 222 -21
1990 320 98
2000 364 44
2010 398 34
2020 392 -6
2030 325 -67
2040 372 47
2050 410 38
2060 447 37
2070 437 -10
2080 351 -86
2090 342 -9
2100 352 10
2110 373 21
2120 357 -16
2130 332 -25
2140 401 69
2150 371 -30
2160 378 7
2170 406 28
2180 437 31
2190 437 0
2200 339 -98
2210 271 -68
2220 259 -12
2230 42 -217
2240 75 33
2250 97 22
2260 247 150
2270 125 -122
2280 67 -58
2290 237 170
2300 294 57
2310 307 13
2320 259 -48
2330 257 -2
2340 410 153
2350 403 -7
2360 373 -30
2370 399 26
2380 324 -75
2390 273 -51
2400 277 4
2410 259 -18
2420 349 90
2430 376 27
2440 483 107
2450 491 8
2460 551 60
2470 546 -5
2480 507 -39
2490 422 -85
2500 357 -65
2510 312 -45
2520 332 20
2530 318 -14
2540 255 -63
2550 275 20
2560 338 63
2570 469 131
2580 366 -103
2590 419 53
2600 368 -51
2610 364 -4
2620 489 125
2630 372 -117
2640 247 -125
2650 298 51
2660 149 -149
2670 193 44
2680 375 182
2690 169 -206
2700 83 -86
2710 206 123
2720 204 -2
2730 243 39
2740 190 -53
2750 144 -46
2760 415 271
2770 386 -29
2780 391 5
2790 481 90
2800 410 -71
2810 460 50
2820 434 -26
2830 430 -4
2840 436 6
2850 362 -74
2860 312 -50
2870 333 21
2880 370 37
2890 436 66
2900 481 45
2910 455 -26
2920 391 -64
2930 389 -2
2940 420 31
2950 400 -20
2960 433 33
2970 250 -183
2980 227 -23
2990 283 56
3000 442 159
3010 478 36
3020 543 65
3030 477 -66
3040 460 -17
3050 308 -152
3060 177 -131
3070 260 83
3080 329 69
3090 403 74
3100 629 226
3110 343 -286
3120 237 -106
3130 185 -52
3140 174 -11
3150 628 454
3160 172 -456
3170 126 -46
3180 171 45
3190 279 108
3200 347 68
3210 568 221
3220 591 23
3230 511 -80
3240 505 -6
3250 486 -19
3260 541 55
3270 534 -7
3280 420 -114
3290 260 -160
3300 209 -51
3310 178 -31
3320 277 99
3330 510 233
3340 524 14
3350 458 -66
3360 462 4
3370 531 69
3380 528 -3
3390 515 -13
3400 441 -74
3410 492 51
3420 577 85
3430 240 -337
3440 305 65
3450 375 70
3460 456 81
3470 569 113
3480 566 -3
3490 600 34
3500 620 20
3510 547 -73
3520 584 37
3530 362 -222
3540 233 -129
3550 1009 776
3560 303 -706
3570 480 177
3580 422 -58
3590 440 18
3600 489 49
3610 400 -89
3620 284 -116
3630 248 -36
3640 148 -100
3650 333 185
3660 277 -56
3670 1009 732
3680 594 -415
3690 189 -405
3700 939 750
3710 416 -523
3720 410 -6
3730 460 50
3740 309 -151
3750 210 -99
3760 52 -158
3770 244 192
3780 414 170
3790 462 48
3800 465 3
3810 384 -81
3820 369 -15
3830 418 49
3840 788 370
3850 700 -88
3860 542 -158
3870 361 -181
3880 321 -40
3890 352 31
3900 432 80
3910 413 -19
3920 448 35
3930 409 -39
3940 494 85
3950 438 -56
3960 444 6
3970 509 65
3980 279 -230
3990 219 -60
4000 469 250
4010 494 25
4020 505 11
4030 376 -129
4040 489 113
4050 505 16
4060 333 -172
4070 187 -146
4080 124 -63
4090 466 342
4100 1009 543
4110 450 -559
4120 296 -154
4130 993 697
4140 683 -310
4150 389 -294
4160 198 -191
4170 332 134
4180 204 -128
4190 381 177
4200 480 99
4210 327 -153
4220 161 -166
4230 121 -40
4240 84 -37
4250 30 -54
4260 1 -29
4261 0 -1
