10 4.3 6.537671466206394 10.15741686026385 52.5322265625 3.847900390625 0 0
20 4.1 4.497630049542683 0.18607559380126973 52.5322265625 3.847900390625 6.537671466206394 43
30 3.7 4.4804489548141895 0.12018250161264259 52.5322265625 3.847900390625 5.541936965215773 84
40 4.6 4.473983101222826 0.15211494003537038 52.5322265625 3.847900390625 5.217349722365703 121
50 3 4.507096354166666 0.3128248175415644 52.5322265625 3.847900390625 5.012590054266467 167
60 3.6 4.490363226996528 0.13254042396293503 52.5322265625 3.847900390625 4.93561131821066 197
70 3.9 4.692495492788462 0.7084484837710243 52.5322265625 3.847900390625 4.8668176217140555 233
80 5.2 4.422480656550483 0.1715241131002109 52.5322265625 3.847900390625 4.841822904698989 272
90 4.1 4.435499237804878 0.11825974376060251 52.5322265625 3.847900390625 4.774521062403549 324
100 4.2 4.526024228050595 0.20928845395790346 52.5322265625 3.847900390625 4.736439158818492 365
110 3.6 4.511264377170138 0.14674116616764812 52.5322265625 3.847900390625 4.71472557873925 407
120 3.9 4.652324969951923 0.4108683212403228 52.5322265625 3.847900390625 4.69819148560948 443
130 3.7 4.473580025337838 0.14175709835618053 52.5322265625 3.847900390625 4.6944802945085575 482
140 4.9 4.478635204081632 0.15390833024630066 52.5322265625 3.847900390625 4.678732105762283 519
150 3.5 4.466678292410713 0.13187147353290915 52.5322265625 3.847900390625 4.66147022515955 568
160 3.7 4.463570259712836 0.12882264490335646 52.5322265625 3.847900390625 4.6501638940713095 603
170 3.9 4.478884965945512 0.16171638312009226 52.5322265625 3.847900390625 4.63937644958496 640
180 5 4.469365234375 0.5078165124353198 52.5322265625 3.847900390625 4.630158234766199 679
190 3.9 4.461313100961538 0.13137455348480168 52.5322265625 3.847900390625 4.619129908264745 729
200 3.2 4.569198608398439 0.2405896539977069 52.5322265625 3.847900390625 4.611115773518879 768
210 4.9 4.497583506058674 0.1576854494605296 52.5322265625 3.847900390625 4.609439086914062 800
220 4.2 4.374174572172619 0.17364415436027295 52.5322265625 3.847900390625 4.602983346676236 849
230 5 1028.6225292968747 1496.0391077284967 5010.182861328125 3.847900390625 4.592197747878086 891
240 3.7 4.479102882179054 0.16300864940399795 5010.182861328125 3.847900390625 59.004011326464514 941
250 4.6 4.449579653532608 0.1470827017301356 5010.182861328125 3.847900390625 56.94120804176251 978
260 4 4.6843505859375 1.54794086359946 5010.182861328125 3.847900390625 54.583185672759996 1024
270 4 4.403143310546875 0.1328287898620168 5010.182861328125 3.847900390625 52.707289616864415 1064
280 3 4.531941731770833 0.16186696609892792 5010.182861328125 3.847900390625 50.95713938837465 1104
290 4.1 4.537675066692073 0.22653530743077147 5010.182861328125 3.847900390625 49.72895955618936 1134
300 4.2 4.973138718377976 3.1710437351549285 5010.182861328125 3.847900390625 48.15207218251329 1175
310 4.1 5.5419921875 7.047634409997401 5010.182861328125 3.847900390625 46.66192000051355 1217
320 5.7 4.441363418311404 0.24953634836549665 5010.182861328125 3.847900390625 45.32176337067765 1258
330 4.1 4.637939453125001 0.804263457342626 5010.182861328125 3.847900390625 43.549761243464815 1315
340 4.2 4.382266090029762 0.1583375426756216 5010.182861328125 3.847900390625 42.37322385894864 1356
350 3.4 4.450554342830882 0.2137117334559491 5010.182861328125 3.847900390625 41.23186461267211 1398
360 3.3 4.429251006155302 0.15186421975549583 5010.182861328125 3.847900390625 40.35856534648873 1432
370 3.2 4.579612731933594 0.7404052677001084 5010.182861328125 3.847900390625 39.54923608148463 1465
380 3.2 4.384521484375 0.14049757376371305 5010.182861328125 3.847900390625 38.80172242270999 1497
390 3.9 4.526880508814104 0.17311275438226553 5010.182861328125 3.847900390625 38.08141475101168 1529
400 3.7 4.460152290962838 0.18658240898007625 5010.182861328125 3.847900390625 37.24683131003865 1568
410 3.9 4.3705992087339745 0.1290243357795533 5010.182861328125 3.847900390625 36.491001326421326 1605
420 4.5 4.451475694444445 0.2779430673287965 5010.182861328125 3.847900390625 35.72902098421341 1644
430 3.4 4.428079044117648 0.14748373912828724 5010.182861328125 3.847900390625 34.89569384505438 1689
440 2.9 4.717798693426724 1.5343627356213527 5010.182861328125 3.847900390625 34.29447567718912 1723
450 4.1 4.391833793826219 0.2038484037777779 5010.182861328125 3.847900390625 33.804907393782095 1752
460 5 4.406318359374998 0.16902490786677002 5010.182861328125 3.847900390625 33.13232735050368 1793
470 3.1 4.511175340221775 0.14960383826498858 5010.182861328125 3.847900390625 32.352999922638006 1843
480 4.8 4.476933797200522 0.17110218791958062 5010.182861328125 3.847900390625 31.892436122181813 1874
490 3.4 4.48299632352941 0.3493811652355639 5010.182861328125 3.847900390625 31.207761766511105 1922
500 4.1 4.459818025914634 0.23436938628388154 5010.182861328125 3.847900390625 30.74322085390304 1956
510 4.3 4.368760219840116 0.1825957605753092 5010.182861328125 3.847900390625 30.203601667149147 1997
520 2.9 4.605754983836207 0.6880846559109686 5010.182861328125 3.847900390625 29.659043734681358 2040
530 3.7 4.538996516047297 0.21578070840778352 5010.182861328125 3.847900390625 29.30788598998609 2069
540 4.4 4.527227228338069 0.46482361090155516 5010.182861328125 3.847900390625 28.872725063805778 2106
550 4.4 4.466602672230114 0.43369119528486116 5010.182861328125 3.847900390625 28.374491619731092 2150
560 3.7 4.695239917652028 1.6179847867380353 5010.182861328125 3.847900390625 27.89502620783955 2194
570 3 4.421093750000002 0.15081483404337678 5010.182861328125 3.847900390625 27.51026955488709 2231
580 3.6 4.476637098524306 0.20795966508557495 5010.182861328125 3.847900390625 27.203911627356522 2261
590 4 4.52615966796875 0.6030896051674483 5010.182861328125 3.847900390625 26.847715770570296 2297
600 4.6 4.497802734375001 0.18906153857870445 5010.182861328125 3.847900390625 26.465660895044383 2337
610 8.1 8.84847909432871 20.7384115362228 5010.182861328125 3.847900390625 26.041606562106576 2383
620 7.2 4.503482394748264 0.49985290885876876 5010.182861328125 3.847900390625 25.476410407524593 2464
630 9.2 4.436467709748641 0.15207246125127497 5010.182861328125 3.847900390625 24.88096450179908 2536
640 7.4 4.486562368032094 0.15014927627057514 5010.182861328125 3.847900390625 24.1652515242996 2628
650 7.2 4.515146891276041 0.20013419539062866 5010.182861328125 3.847900390625 23.626308890116107 2702
660 6.7 4.6896353194962686 1.45710079629209 5010.182861328125 3.847900390625 23.130272962244266 2774
670 6.9 4.471633689990942 0.24474546227121471 5010.182861328125 3.847900390625 22.695382880560313 2841
680 8.1 4.416696807484569 0.13255650909685973 5010.182861328125 3.847900390625 22.26327336367052 2910
690 7.9 4.431347038172465 0.17250177381700277 5010.182861328125 3.847900390625 21.77996587418504 2991
700 7.3 4.466980816566781 0.29785417983395956 5010.182861328125 3.847900390625 21.33353561749286 3070
710 7.4 4.520606788429056 0.3370347363418628 5010.182861328125 3.847900390625 20.941789355810517 3143
720 6 4.45770263671875 0.18823069939853962 5010.182861328125 3.847900390625 20.56405621624377 3217
730 8.9 4.426310678546348 0.12210128554979774 5010.182861328125 3.847900390625 20.26915807319479 3277
740 7.5 4.480527343750002 0.3105555345523517 5010.182861328125 3.847900390625 19.850259256164573 3366
750 7.4 4.453115102407091 0.1877943702569176 5010.182861328125 3.847900390625 19.515260740200873 3441
760 7.2 4.448988172743054 0.14513332464269268 5010.182861328125 3.847900390625 19.19816293729995 3515
770 7.2 4.461893717447916 0.21480722116827247 5010.182861328125 3.847900390625 18.90211036326926 3587
780 7.4 4.529755463471284 0.6078225502152538 5010.182861328125 3.847900390625 18.61796289169256 3659
790 7.1 4.475905727332746 0.45964363102553435 5010.182861328125 3.847900390625 18.338689559335645 3733
800 7.4 4.492725269214525 0.4799167376129982 5010.182861328125 3.842041015625 18.07994674859111 3804
810 7.4 4.466724292652027 0.14355502824684171 5010.182861328125 3.842041015625 17.820675374306976 3878
820 5.9 4.437251721398305 0.11248982172903413 5010.182861328125 3.842041015625 17.570626695146434 3952
830 9.2 4.460422681725544 0.15849479393947308 5010.182861328125 3.842041015625 17.377440675836752 4011
840 7.4 4.431106154983108 0.20841092566983282 5010.182861328125 3.842041015625 17.087807320862773 4103
850 7.7 4.408964082792208 0.12685227006807706 5010.182861328125 3.842041015625 16.86358039094295 4177
860 10.5 4.440538969494049 0.17307630223229598 5010.182861328125 3.842041015625 16.6381442236351 4254
870 8.2 4.491011456745426 0.3451921574918254 5010.182861328125 3.842041015625 16.34432716658421 4359
880 11.3 4.445452934872789 0.16444397250390658 5010.182861328125 3.842041015625 16.125463872684914 4441
890 7.6 4.5080919767680925 0.21432844980322843 5010.182861328125 3.842041015625 15.835643662765554 4554
900 8.3 4.516742752259038 0.271625816558586 5010.182861328125 3.842041015625 15.649705449345293 4630
910 6.5 5.294080528846154 5.664203165189608 5010.182861328125 3.842041015625 15.453644362169786 4713
920 8.1 4.433313440393522 0.1458155308868077 5010.182861328125 3.842041015625 15.315433468664965 4778
930 8.7 4.564214596803163 0.6511090214164451 5010.182861328125 3.842041015625 15.134027475191003 4859
940 7.6 4.633435701069079 0.2007121294855729 5010.182861328125 3.842041015625 14.94810476584613 4946
950 7 4.4960553850446425 0.13883393877077962 5010.182861328125 3.842041015625 14.79200861910717 5022
960 7.3 4.427697586686645 0.15772396897175056 5010.182861328125 3.842041015625 14.650469591930348 5092
970 6.7 4.4422006180037314 0.3639044214931323 5010.182861328125 3.842041015625 14.505985108603573 5165
980 7.9 4.394182036194618 0.15201516419908426 5010.182861328125 3.842041015625 14.377110192535111 5232
990 7.8 4.503101837940704 0.2662856805460013 5010.182861328125 3.842041015625 14.228616250838463 5311
1000 9.3 4.506838562668013 0.614242360223062 5010.182861328125 3.842041015625 14.087849851839387 5389
1010 8.3 4.513939547251505 0.20531811786971968 5010.182861328125 3.842041015625 13.925311717966176 5482
1020 9.3 4.502207766297043 0.15846906399792268 5010.182861328125 3.842041015625 13.784944442104663 5565
1030 7.4 4.503450960726352 0.2571660256347853 5010.182861328125 3.842041015625 13.632364995153425 5658
1040 9 4.490383572048612 0.13581465749954763 5010.182861328125 3.842041015625 13.51451090608371 5732
1050 8.6 4.518199831940407 0.2557955029329408 5010.182861328125 3.842041015625 13.375010483537652 5822
1060 5.3 4.556359632959905 0.25233259448238965 5010.182861328125 3.842041015625 13.246086022461592 5908
1070 8.9 4.670607663272472 0.9293102145933965 5010.182861328125 3.842041015625 13.168824573267901 5961
1080 7.6 4.609429610402961 0.8029601754686292 5010.182861328125 3.842041015625 13.043809481534083 6050
1090 7.1 18.761440223371483 117.77154969741322 5010.182861328125 3.842041015625 12.939171402819431 6126
1100 7 4.484758649553572 0.1600423511341809 5010.182861328125 3.842041015625 13.005878048980346 6197
1110 8.2 4.486203077362805 0.33472246534897926 5010.182861328125 3.842041015625 12.910700394925795 6267
1120 8.8 8.055747292258523 33.18098668139223 5010.182861328125 3.842041015625 12.8018944758771 6349
1130 7.9 4.485540076147152 0.23536922240707395 5010.182861328125 3.842041015625 12.737010065102137 6437
1140 6.8 4.452686982996323 0.1242718071257872 5010.182861328125 3.842041015625 12.63696922269461 6516
1150 6.8 4.542347627527574 0.7645072866156112 5010.182861328125 3.842041015625 12.552441398833814 6584
1160 9.5 4.409858141447369 0.17532594191720435 5010.182861328125 3.842041015625 12.470558299548061 6652
1170 9 4.4600694444444455 0.17022598398856056 5010.182861328125 3.842041015625 12.35706096517433 6747
1180 8.7 4.466434873383619 0.37109704518607356 5010.182861328125 3.842041015625 12.253107588420535 6837
1190 7.1 4.505178532130282 0.3041079880970354 5010.182861328125 3.842041015625 12.155268113231598 6924
1200 7.2 4.405337863498264 0.17412772294366383 5010.182861328125 3.842041015625 12.07761888374508 6995
1210 14.2 5.06001904984595 4.502827040980929 5010.182861328125 3.842041015625 11.9994521604597 7067
1220 14.9 4.459274394400167 0.33838239888392735 5010.182861328125 3.842041015625 11.862761981279904 7209
1230 13.6 4.406565946691177 0.37580126951027554 5010.182861328125 3.822998046875 11.71284085455456 7358
1240 14.5 4.392406384698273 0.19782909459430156 5010.182861328125 3.822998046875 11.580247661670997 7494
1250 15.9 4.424557475923742 0.23307557637099283 5010.182861328125 3.822998046875 11.443811349959905 7639
1260 15.8 4.4374428278283204 0.2990295283979095 5010.182861328125 3.822998046875 11.300689861633186 7798
1270 14 4.445891462053571 0.18923089353022762 5010.182861328125 3.822998046875 11.164391089468635 7956
1280 15.6 4.468194423577726 0.21259047568209172 5010.182861328125 3.822998046875 11.048211501049895 8096
1290 16.3 4.448330557419475 0.2288447522314577 5010.182861328125 3.822998046875 10.923819515581444 8252
1300 13.1 4.6054184309398885 0.8455723151961841 5010.182861328125 3.822998046875 10.798388178661611 8415
1310 15.2 4.525890149568257 0.949604790141716 5010.182861328125 3.822998046875 10.703457329498079 8546
1320 14.1 4.430501302083333 0.15797888905508403 5010.182861328125 3.822998046875 10.595502602969068 8698
1330 15.4 4.444159966010551 0.2796942333823723 5010.182861328125 3.822998046875 10.497158312503531 8839
1340 17.9 4.434608502094971 0.22888506338660214 5010.182861328125 3.822998046875 10.393504165349086 8993
1350 17.1 4.42944764254386 0.16095717277157712 5010.182861328125 3.822998046875 10.277210846146897 9172
1360 16.5 4.759329131155304 2.771892963018748 5010.182861328125 3.822998046875 10.170182321281636 9343
1370 17.1 4.46005088404605 0.21154433292482686 5010.182861328125 3.822998046875 10.076283417582557 9508
1380 18.1 4.470949963311467 0.2528773532033685 5010.182861328125 3.822998046875 9.977060795076643 9679
1390 15.6 4.4780414287860575 0.34555247627880586 5010.182861328125 3.822998046875 9.87598512970651 9860
1400 14 4.399829101562502 0.20772234521197838 5010.182861328125 3.822998046875 9.791911725419011 10016
1410 14.3 4.498041753168707 1.0803084668675298 5010.182861328125 3.822998046875 9.717582110675027 10156
1420 15.1 4.473826831539735 0.16649750358839047 5010.182861328125 3.822998046875 9.645109611294174 10299
1430 15.1 11.141084178394038 81.05731345568188 5010.182861328125 3.822998046875 9.570385812275712 10450
1440 15.6 4.451980982071311 0.38698748045494213 5010.182861328125 3.822998046875 9.59275874438437 10601
1450 15.8 4.427091574367089 0.2064003422321471 5010.182861328125 3.822998046875 9.518206236164527 10757
1460 16.6 4.432701018919427 0.21920706574326312 5010.182861328125 3.822998046875 9.44450984435839 10915
1470 16.4 4.411004787538111 0.2945515502559989 5010.182861328125 3.822998046875 9.369429954003468 11081
1480 15.6 4.458824744591346 0.34032677110497234 5010.182861328125 3.822998046875 9.29711499381669 11245
1490 15.2 4.486300819798521 0.4448940952796485 5010.182861328125 3.822998046875 9.230912618684759 11401
1500 15.6 4.40855525090144 0.2767544306022972 5010.182861328125 3.822998046875 9.168488919781382 11553
1510 15.4 4.437967671976458 0.19734467929655908 5010.182861328125 3.822998046875 9.105071919837298 11709
1520 17.1 5.143022146838453 5.044726066133541 5010.182861328125 3.822998046875 9.044485722908144 11863
1530 16.2 4.4724980107060155 0.2424810241516271 5010.182861328125 3.822998046875 8.989046943490834 12034
1540 16.6 5.0820665474397595 5.637555900019768 5010.182861328125 3.822998046875 8.929053427000907 12196
1550 15.1 4.434445816949504 0.19015262921412832 5010.182861328125 3.822998046875 8.877395133682096 12362
1560 16.6 4.451520437217623 0.19655472994274317 5010.182861328125 3.822998046875 8.823780065606766 12513
1570 13.5 4.495891203703706 0.35517325694637936 5010.182861328125 3.822998046875 8.766536190039876 12679
1580 16.5 4.405122514204548 0.3404419722737359 5010.182861328125 3.822998046875 8.72154344201776 12814
1590 13.9 4.414880985836331 0.18491233209889113 5010.182861328125 3.822998046875 8.666669456881063 12979
1600 17.5 4.431742466517859 0.4472075569399872 5010.182861328125 3.822998046875 8.621616964315487 13118
1610 16.2 4.5137803819444455 1.056021871097985 5010.182861328125 3.822998046875 8.566458005682028 13293
1620 15.9 4.413511264249211 0.35457269165144883 5010.182861328125 3.822998046875 8.517663224927997 13455
1630 16.7 4.386389818020213 0.2046036930152838 5010.182861328125 3.822998046875 8.469730202910373 13614
1640 17 4.457433363970587 0.804260620145665 5010.182861328125 3.822998046875 8.420247738337652 13781
1650 17.6 4.402911099520595 0.4329695604339709 5010.182861328125 3.822998046875 8.371958838356116 13951
1660 16.7 4.406478059505989 0.15621836938945474 5010.182861328125 3.822998046875 8.322510802535698 14127
1670 14.5 4.4122710129310345 0.20163048542801965 5010.182861328125 3.822998046875 8.27675891586395 14294
1680 18.1 4.411818024861876 0.28625666879158335 5010.182861328125 3.822998046875 8.237950775000643 14439
1690 14 11.61199428013393 84.41044137881421 5010.182861328125 3.822998046875 8.190582100050225 14620
1700 17 4.417705939797796 0.19149144396385923 5010.182861328125 3.822998046875 8.223034519102509 14760
1710 16.3 4.463473267350457 0.3678758588363765 5010.182861328125 3.822998046875 8.179705258654966 14930
1720 12.2 4.442000592341188 0.20386888441332468 5010.182861328125 3.822998046875 8.139571036526654 15093
1730 14 4.448730468750002 0.28323934990477034 5010.182861328125 3.822998046875 8.109922426984056 15215
1740 14.1 4.420593694592202 0.25707698124177053 5010.182861328125 3.822998046875 8.076541321536139 15355
1750 15.3 4.454080818525324 0.31058243973209465 5010.182861328125 3.822998046875 8.04327540675819 15496
1760 14.3 4.425318577906469 0.26419194994787637 5010.182861328125 3.822998046875 8.008183913883268 15649
1770 15.7 4.373549151572451 0.140814438941507 5010.182861328125 3.822998046875 7.975740287803945 15792
1780 12.8 4.458404541015628 0.30176626891104646 5010.182861328125 3.822998046875 7.940280760034909 15949
1790 17.2 4.465310739916427 0.5208054417980854 5010.182861328125 3.822998046875 7.91255916048061 16077
1800 17.2 4.574025708575582 1.8224088593527923 5010.182861328125 3.822998046875 7.876069116272533 16249
1810 32.1 4.767556068681853 3.5361716488312496 5010.182861328125 3.822998046875 7.841482217415955 16421
1820 34.6 4.371445848762639 0.20672484370965985 5010.182861328125 3.822998046875 7.782544796931924 16742
1830 29.9 4.434228189015471 0.32157642602401065 5010.182861328125 3.822998046875 7.713476431057241 17088
1840 31.9 4.397081333268028 0.34725525256120193 5010.182861328125 3.822998046875 7.657083998528887 17387
1850 32.9 4.410092432085864 0.2791790212642409 5010.182861328125 3.822998046875 7.5983501879438755 17706
1860 32.4 4.464830940152394 0.5879417708087785 5010.182861328125 3.822998046875 7.540189012358775 18035
1870 30.4 4.4224162854646405 0.2588660464411407 5010.182861328125 3.822998046875 7.4859150314559555 18359
1880 30.4 4.422153673673931 0.36674077221902096 5010.182861328125 3.822998046875 7.436013964168737 18663
1890 30.7 4.366799419788276 0.293384707282594 5010.182861328125 3.822998046875 7.3877083002097335 18967
1900 31.6 4.394329602205297 0.3200778524015979 5010.182861328125 3.822998046875 7.339590679254592 19274
1910 31.9 4.365026970268419 0.2644069644883028 5010.182861328125 3.822998046875 7.292081618491571 19590
1920 31.7 4.415465730973984 0.41605368917258556 5010.182861328125 3.822998046875 7.245181702233437 19909
1930 35 4.428595145089289 0.37922586015464405 5010.182861328125 3.822998046875 7.200831857336313 20226
1940 34.3 4.453196889805028 0.5406945809740513 5010.182861328125 3.822998046875 7.153675809062282 20576
1950 29.6 4.372557768950593 0.18615825796271582 5010.182861328125 3.822998046875 7.109397197785202 20919
1960 32.8 5.508789062500001 18.48042800180575 5010.182861328125 3.822998046875 7.071211740753147 21215
1970 31 4.4251283707157265 0.257651807572359 5010.182861328125 3.822998046875 7.047423287962586 21543
1980 30 4.396634114583333 0.33772448595825083 5010.182861328125 3.822998046875 7.010224211206694 21853
1990 32.7 4.392495251576835 0.5872394436529248 5010.182861328125 3.822998046875 6.974830493471534 22153
2000 31.7 4.420799857058362 0.2557094256165089 5010.182861328125 3.822998046875 6.937267164997354 22480
2010 30.5 4.369392770235659 0.21745981755983318 5010.182861328125 3.822998046875 6.9022748354532615 22797
2020 30.4 4.530642057719987 1.7390197640134255 5010.182861328125 3.822998046875 6.868834915537611 23102
2030 29.9 4.421223413984115 0.3490665863068484 5010.182861328125 3.822998046875 6.83846617979564 23406
2040 36.1 4.4411898372576175 0.7773853917216674 5010.182861328125 3.81005859375 6.807976595869142 23705
2050 28.3 4.41846479543949 0.5502747549280014 5010.182861328125 3.81005859375 6.772473811033326 24066
2060 32 4.389138031005858 0.24184939270619907 5010.182861328125 3.81005859375 6.745113978949336 24349
2070 29.2 4.3953079850706365 0.25816520903630874 5010.182861328125 3.81005859375 6.714552857568578 24669
2080 29.7 4.380474668560606 0.3034240637663941 5010.182861328125 3.81005859375 6.687421752934573 24961
2090 32.8 4.431253572789633 0.3153312054106445 5010.182861328125 3.81005859375 6.660295167929463 25258
2100 31.2 4.373450646033655 0.20158209301511976 5010.182861328125 3.81005859375 6.631719945416923 25586
2110 33.1 4.383969770817592 0.22357399430339558 5010.182861328125 3.81005859375 6.6045139827399755 25898
2120 32.5 4.3951186899038515 0.17911508095574827 5010.182861328125 3.81005859375 6.576491559691201 26229
2130 32.1 4.437164591851635 0.49125386983026254 5010.182861328125 3.81005859375 6.549793277598828 26554
2140 32.9 4.397288777545588 0.25584243516222704 5010.182861328125 3.81005859375 6.524559647529065 26875
2150 30.1 4.387473882630814 0.2570862403946476 5010.182861328125 3.81005859375 6.498832838375097 27204
2160 34.4 4.474933003270343 0.6877950716016451 5010.182861328125 3.81005859375 6.4757272559108525 27505
2170 31.6 4.396106575108782 0.6267170230465593 5010.182861328125 3.81005859375 6.451012787782434 27849
2180 30.8 4.376321371499602 0.272674607679348 5010.182861328125 3.81005859375 6.427957564519346 28165
2190 32.8 4.397734851371952 0.3349363826558342 5010.182861328125 3.81005859375 6.405764471151943 28473
2200 33.6 4.440967378162197 0.28316392556429537 5010.182861328125 3.81005859375 6.382896038969455 28801
2210 33.7 4.357258148646145 0.3517081488642784 5010.182861328125 3.81005859375 6.360502243107449 29137
2220 32.6 4.399635736196321 0.314479172894398 5010.182861328125 3.81005859375 6.337597538627791 29474
2230 32.7 4.364163739965594 0.24736064577130065 5010.182861328125 3.81005859375 6.316397016896493 29800
2240 29.4 4.38174708359906 0.24127307497258432 5010.182861328125 3.81005859375 6.295207376986897 30127
2250 31.3 4.4852127221445715 0.8534278507144043 5010.182861328125 3.81005859375 6.276714976136957 30421
2260 29.9 4.461335963628764 0.4268263790020351 5010.182861328125 3.81005859375 6.258470028993741 30734
2270 28.5 4.413072231359648 0.396406984274335 5010.182861328125 3.81005859375 6.24115481339924 31033
2280 32.6 4.466273395561734 1.468962761655205 5010.182861328125 3.81005859375 6.224518899998599 31318
2290 28.7 4.489023029181182 0.7815948829059041 5010.182861328125 3.81005859375 6.206405259673533 31644
2300 30.3 4.390695905528055 0.2459351008365472 5010.182861328125 3.81005859375 6.190969203798323 31931
2310 30.9 4.424250037924754 0.5284349694288363 5010.182861328125 3.81005859375 6.174046612454528 32234
2320 32.3 4.38899008925116 0.21789607163865676 5010.182861328125 3.81005859375 6.157432067344068 32543
2330 30.5 4.346385918288932 0.19882096976598299 5010.182861328125 3.81005859375 6.140052198819635 32866
2340 31.2 4.4468047313201104 1.0547357320918236 5010.182861328125 3.81005859375 6.123559834538732 33171
2350 31.9 4.427075424911834 0.3032397602123323 5010.182861328125 3.81005859375 6.107935559766333 33483
2360 34.9 4.373414834795844 0.2813528666560019 5010.182861328125 3.81005859375 6.092072759251021 33802
2370 32.3 4.386616709800696 0.19139520138837463 5010.182861328125 3.81005859375 6.074509243815606 34151
2380 35 4.429571010044635 0.8001441873863037 5010.182861328125 3.81005859375 6.058694737564901 34474
2390 36.8 4.4134594461192265 0.18933048051815282 5010.182861328125 3.81005859375 6.042321164608546 34824
2400 28.9 4.424317251027251 0.23975608763358516 5010.182861328125 3.81005859375 6.025288284624343 35192
2410 62.9 4.364240734300479 0.25272201072309847 5010.182861328125 3.81005859375 6.012248048196127 35481
2420 60 4.4769474283854125 1.9507145831807118 5010.182861328125 3.81005859375 5.983541412902846 36110
2430 64.6 4.434027987737036 0.35728362976322864 5010.182861328125 3.81005859375 5.958917158184501 36710
2440 58.9 4.413118683016763 0.5077500565267852 5010.182861328125 3.81005859375 5.932547139871269 37356
2450 65.8 4.380285013772802 0.2357405101005692 5010.182861328125 3.81005859375 5.908961862203927 37945
2460 65.7 4.398421521237634 0.7174316186513651 5010.182861328125 3.81005859375 5.8829050954690185 38603
2470 62.2 4.8828756939559845 12.065508170108332 5010.182861328125 3.81005859375 5.8580628716210805 39260
2480 63.3 4.350870575385072 0.2569318579828969 5010.182861328125 3.81005859375 5.842853844378022 39882
2490 66.7 4.368924668525117 0.49570919652950285 5010.182861328125 3.81005859375 5.819543331993163 40515
2500 57.8 4.381728228400737 0.332371484650836 5010.182861328125 3.81005859375 5.796048536972688 41182
2510 63.6 4.409219225997443 0.6589142777422358 5010.182861328125 3.81005859375 5.776472935000596 41760
2520 60.8 4.430770070929274 0.7709796718106178 5010.182861328125 3.81005859375 5.755962194390019 42396
2530 62.1 4.421431929976852 0.39683514302229844 5010.182861328125 3.81005859375 5.737226337003168 43004
2540 64.4 4.429728442837732 0.3973922431314555 5010.182861328125 3.81005859375 5.718496060171917 43625
2550 61.9 4.397202203655097 0.3387326339503442 5010.182861328125 3.81005859375 5.699747808673957 44269
2560 62.1 4.415054395003016 0.8901742906739055 5010.182861328125 3.81005859375 5.681785864958338 44888
2570 60.2 4.376017928519517 0.39787942640808555 5010.182861328125 3.81005859375 5.664500487498006 45509
2580 63.9 4.368553388473203 0.4495283841465675 5010.182861328125 3.81005859375 5.647678763820249 46111
2590 65.3 4.401921644692763 0.3915905385013147 5010.182861328125 3.81005859375 5.630195103609624 46750
2600 61.6 4.3377372444450035 0.28678166321240417 5010.182861328125 3.81005859375 5.613275023262964 47403
2610 64.2 4.420594972984813 1.0446803273810457 5010.182861328125 3.81005859375 5.596912098759082 48019
2620 60.1 4.383303624818006 0.283334418541948 5010.182861328125 3.81005859375 5.581392573990848 48661
2630 66.8 4.344700613421596 0.21881307973519631 5010.182861328125 3.81005859375 5.566775801256227 49262
2640 64.2 4.387095989096566 0.5730713215459132 5010.182861328125 3.81005859375 5.550425987006808 49930
2650 65.2 1245.3066256470472 1636.3583562451317 5010.77490234375 3.81005859375 5.535657778143041 50572
2660 60.3 4.372377209007045 0.5086394614239022 5010.77490234375 3.81005859375 21.315969176130807 51224
2670 64.6 4.324773546342879 0.24945041388962672 5010.77490234375 3.81005859375 21.11883281947934 51827
2680 63 4.3999565972222205 0.28490357123038645 5010.77490234375 3.81005859375 20.91207958847585 52473
2690 61.6 4.4049880783279205 0.3913109783382669 5010.77490234375 3.81005859375 20.716184112052865 53103
2700 62.4 4.8462653526893025 12.03181793470993 5010.77490234375 3.81005859375 20.529142343651095 53719
2710 61.9 4.370469002423262 0.9119428040052836 5010.77490234375 3.81005859375 20.34906183204224 54343
2720 64.7 4.4715340332785924 2.0690950668341204 5010.77490234375 3.81005859375 20.16910569941362 54962
2730 62.9 4.346066424880766 0.35929823788327686 5010.77490234375 3.81005859375 19.986467477759042 55609
2740 64.2 4.4041595934336 0.4166903472727784 5010.77490234375 3.81005859375 19.81153571876583 56238
2750 58.7 4.352006278614775 0.40681914116474177 5010.77490234375 3.81005859375 19.637633899629694 56880
2760 59.7 4.452784348173154 0.8324366689991377 5010.77490234375 3.81005859375 19.481497970948265 57467
2770 64.4 4.403381726756601 0.5420428945170138 5010.77490234375 3.81005859375 19.326976373524786 58064
2780 64.5 4.386304657218993 0.27097481955906944 5010.77490234375 3.81005859375 19.163271342651335 58708
2790 64.2 4.38999031043127 0.4797719917825997 5010.77490234375 3.81005859375 19.00268731973583 59353
2800 63 4.399882192460315 0.4500408991753573 5010.77490234375 3.81005859375 18.846318430995545 59995
2810 62.8 4.379578025477713 0.29264213631583996 5010.77490234375 3.81005859375 18.69619463998066 60625
2820 61.6 4.402745234501821 0.6625612078113133 5010.77490234375 3.81005859375 18.549412682624975 61253
2830 62.2 4.367674603722875 0.2521792728294244 5010.77490234375 3.81005859375 18.408561090583017 61869
2840 62.6 4.38870034507289 0.3218924927625668 5010.77490234375 3.81005859375 18.26880606354189 62491
2850 58.5 4.375392294337606 0.2204629757224641 5010.77490234375 3.81005859375 18.131141944845478 63117
2860 62.5 4.364277343749996 0.34951573302912636 5010.77490234375 3.81005859375 18.0048175979561 63702
2870 60.4 4.391447559887202 0.21378058275467957 5010.77490234375 3.81005859375 17.87228634888683 64327
2880 58.2 4.384772336769756 0.3639473833935508 5010.77490234375 3.81005859375 17.74688512869069 64931
2890 62.2 4.398390791423835 0.16096985913922848 5010.77490234375 3.81005859375 17.628179686337294 65513
2900 64.3 4.4093896560312995 0.43313957094748085 5010.77490234375 3.81005859375 17.50375345676693 66135
2910 64 4.4015632629394545 0.3025605211955844 5010.77490234375 3.81005859375 17.377668879153447 66778
2920 57.5 4.415253906249996 0.4249812874150134 5010.77490234375 3.81005859375 17.25448653030927 67418
2930 67.2 1132.9432336716422 1599.766672705657 5014.718017578125 3.81005859375 17.145908312568704 67993
2940 59.5 4.375328666622899 0.29739685027937274 5014.718017578125 3.81005859375 28.065820970273467 68665
2950 66.6 4.379399296757684 0.45605970149400427 5014.718017578125 3.81005859375 27.862300281265785 69260
2960 60.9 4.364837897039201 0.26235235661632805 5014.718017578125 3.77294921875 27.638640811888408 69926
2970 62.5 4.345059765625004 0.2689455509360325 5014.718017578125 3.77294921875 27.437694530253147 70535
2980 66.8 4.369697251005803 0.3613382151502521 5014.718017578125 3.77294921875 27.234871360946055 71160
2990 64.6 4.46959617780089 1.1609610711764067 5014.718017578125 3.77294921875 27.022225369056542 71828
3000 55.2 4.408809938292567 0.3692543951813041 5014.718017578125 3.77294921875 26.82120157490207 72474
3010 114.6 4.323109039253379 0.22586888557741655 5014.718017578125 3.77294921875 26.651787391140008 73026
3020 127.2 4.348151824759229 0.2888246935371506 5014.718017578125 3.77294921875 26.30679648633412 74172
3030 83.1 5.9224217457318 36.11603564197075 5014.718017578125 3.77294921875 25.936569615946507 75444
3040 158.3 825.9223748482419 1393.982204471571 5015.52197265625 3.77294921875 25.718519706013392 76275
3050 123.5 4.3185631879428135 0.3195860709287799 5015.52197265625 3.27880859375 41.98817346914817 77858
3060 130.8 4.383195509604359 0.9331770756749733 5015.52197265625 3.27880859375 41.39998021946377 79093
3070 126 4.339551943824405 0.5230616308320418 5015.52197265625 3.27880859375 40.79777434639632 80401
3080 120.9 4.330061162375927 0.37848736024558743 5015.52197265625 3.27880859375 40.23523702469758 81661
3090 119.7 4.341333272961039 0.45383951852383936 5015.52197265625 3.27880859375 39.71141226763776 82870
3100 123.6 4.330424385934966 0.3345906836394649 5015.52197265625 3.27880859375 39.20779034040558 84067
3110 121.3 4.337217577802967 0.2773317760539234 5015.52197265625 3.27880859375 38.702433854470435 85303
3120 122.7 4.425906603377139 0.9368223916915602 5015.52197265625 3.27880859375 38.22061537761532 86516
3130 128.4 4.33809426566151 0.3294880409128291 5015.52197265625 3.27880859375 37.748029442942574 87743
3140 120.1 4.3576623565648385 0.5793814510043135 5015.52197265625 3.27880859375 37.266171615905506 89027
3150 118.8 4.350153348261269 0.2977868248449059 5015.52197265625 3.27880859375 36.82813553375287 90228
3160 128.5 4.396837191451847 1.2867611184214038 5015.52197265625 3.27880859375 36.40606671826801 91416
3170 119.1 4.552595598171177 8.662665286451189 5015.52197265625 3.27880859375 35.96236212023823 92701
3180 124.2 4.339927882196063 0.4277435732421598 5015.52197265625 3.27880859375 35.56393592921257 93892
3190 130.4 4.342058989167942 0.42318757403719 5015.52197265625 3.27880859375 35.15629809211548 95134
3200 120.7 4.314747024194802 0.314000565118838 5015.52197265625 3.27880859375 34.73963901799279 96438
3210 124 4.331373448525691 0.44214549141532794 5015.52197265625 3.27880859375 34.36355376389361 97645
3220 125.3 4.348769203910611 0.5092447656419251 5015.52197265625 3.27880859375 33.98695565911477 98885
3230 124 4.326537495274699 0.305109103413295 5015.52197265625 3.27880859375 33.61610096231265 100138
3240 120.8 4.340685711791186 0.5879149640296862 5015.52197265625 3.27880859375 33.25784711335995 101378
3250 115.2 4.341848161485469 0.4455754522688627 5015.52197265625 3.27880859375 32.91733348603171 102586
3260 124.9 4.334858902747203 0.3249601257856307 5015.52197265625 3.27880859375 32.6000056110594 103738
3270 120.2 4.342856104084345 0.2613247721189827 5015.52197265625 3.27880859375 32.26374332869413 104987
3280 123.3 4.361261793200028 0.776891474028523 5015.52197265625 3.27880859375 31.947694524731563 106189
3290 122.7 4.344542113959351 0.24429417962989364 5015.52197265625 3.27880859375 31.631054808863507 107422
3300 125.7 4.364941289715102 0.7705261322350769 5015.52197265625 3.27880859375 31.32290147954941 108649
3310 120.4 4.383589532288212 0.3161660862219731 5015.52197265625 3.27880859375 31.01458204331643 109906
3320 128.6 4.468700640309098 1.8411942400147936 5015.52197265625 3.27880859375 30.726005722703725 111110
3330 119.9 4.391305702343102 0.46806744814193696 5015.52197265625 3.27880859375 30.425577821924698 112396
3340 120.4 4.375090234699434 0.35610324277637223 5015.52197265625 3.27880859375 30.150784985344053 113595
3350 127.4 4.41499958607241 0.5610491484092822 5015.52197265625 3.27880859375 29.88045217338771 114799
3360 124.3 4.379588783122987 0.7995518391636806 5015.52197265625 3.27880859375 29.600947149857348 116073
3370 123.7 4.348117886961906 0.34992795850687286 5015.52197265625 3.27880859375 29.333718907760357 117316
3380 121.2 4.362050273630876 0.3801125350199091 5015.52197265625 3.27880859375 29.073015353546396 118553
3390 117.6 4.328050055471411 0.36212490762393157 5015.52197265625 3.27880859375 28.822944884904825 119765
3400 124.8 4.364028735038567 0.30260316817180855 5015.52197265625 3.27880859375 28.584762661180747 120941
3410 125.7 4.387507691303696 0.30183995368484007 5015.52197265625 3.27880859375 28.337379705760657 122189
3420 128.7 4.356928851313611 0.49999496208604155 5015.52197265625 3.27880859375 28.093507979482183 123446
3430 120 4.390145060221351 0.5722664926845304 5015.52197265625 3.27880859375 27.848593022430297 124733
3440 124.4 4.3633658356988505 0.32643955091009036 5015.52197265625 3.27880859375 27.625060369712973 125933
3450 121.9 4.375046264548289 0.3483699941754387 5015.52197265625 3.27880859375 27.397522780366522 127177
3460 116.6 4.348261995135618 0.28675936013513026 5015.52197265625 3.27880859375 27.1789458864385 128396
3470 129.2 4.340997560105467 0.32890897557481025 5015.52197265625 3.27880859375 26.973479951849196 129562
3480 120.6 4.346492634483832 0.7733458882290092 5015.52197265625 3.27880859375 26.75001588311509 130854
3490 127.4 4.328240171519326 0.36311761700686757 5015.52197265625 3.27880859375 26.545422145133497 132060
3500 118.2 4.358207999550546 0.5919091122199357 5015.52197265625 3.27880859375 26.333138032796175 133334
3510 129.2 4.340181238511024 0.37327304718450777 5015.52197265625 3.27880859375 26.14004303071987 134516
3520 121.5 4.3185944733796315 0.3306379015120099 5015.52197265625 3.27880859375 25.93265155572919 135808
3530 125.2 4.316510965268074 0.2715494588451524 5015.52197265625 3.27880859375 25.740997020687228 137023
3540 119.8 4.338110310804462 0.3800172073341869 5015.52197265625 3.27880859375 25.547010714114204 138275
3550 107.8 4.324720393306465 0.24938840179586122 5015.52197265625 3.27880859375 25.364837371007187 139473
3560 73.7 4.347632067821404 0.46376178915300537 5015.52197265625 3.27880859375 25.203463591368752 140551
3570 180.5 960.0779818970723 1439.545175776432 5015.52197265625 3.27880859375 25.09467340513316 141288
3580 130.9 4.3288926721256615 0.31288509826604816 5015.52197265625 3.27880859375 36.888715544356955 143093
3590 118.2 4.33239911332752 0.23818401780609363 5015.52197265625 3.27880859375 36.59356168125429 144402
3600 124.3 4.320443310664724 0.4994789270326101 5015.52197265625 3.27880859375 36.331632525884956 145584
3610 223.6 4.317240761089828 0.3520642747412149 5015.52197265625 3.27880859375 36.06063394800406 146827
3620 246.2 4.897307432346677 20.293379685966904 5015.52197265625 3.27880859375 35.58447133779267 149063
3630 240.9 4.318198134761556 0.5867358758786965 5015.52197265625 3.27880859375 35.085861883674816 151525
3640 244.9 4.293085985351157 0.5212851873229387 5015.52197265625 3.27880859375 34.60436135766281 153934
3650 242 4.281912004455077 0.4235698638684356 5015.52197265625 3.27880859375 34.12967860194901 156383
3660 251.8 4.328414517039805 0.7254514508177434 5015.52197265625 3.27880859375 33.674828283214886 158803
3670 165.9 4.934340005038807 24.53697414864944 5015.52197265625 3.27880859375 33.21677093257096 161321
3680 302.7 4.228326974546777 0.42513485271591467 5015.52197265625 3.205078125 32.92887945564878 162980
3690 248.7 4.294849035296031 0.4757590053931512 5015.52197265625 3.205078125 32.405548678270144 166007
3700 225.5 4.429554115853645 6.339473435244934 5015.52197265625 3.205078125 31.99062998673171 168494
3710 236.2 4.27952251385875 0.37466146405018486 5015.52197265625 3.205078125 31.626644100496186 170749
3720 274.4 4.360283676458854 0.6143910699650051 5015.52197265625 3.205078125 31.253508359915646 173111
3730 243.7 4.313051996242814 0.45537671848025385 5015.52197265625 3.205078125 30.833872816249528 175855
3740 252.1 4.337191032824268 0.3588669364355344 5015.52197265625 3.205078125 30.471370626928884 178292
3750 225.5 4.320415677833979 0.36122331631851506 5015.52197265625 3.205078125 30.106992696377773 180813
3760 245.4 4.336326095469127 0.7151111042136601 5015.52197265625 3.202880859375 29.789358095154096 183068
3770 239.5 4.408205877316027 0.5420396860745652 5015.52197265625 3.202880859375 29.452677051788744 185522
3780 208.3 45.43180494816667 144.34311254891293 5015.52197265625 3.202880859375 29.13348555520854 187917
3790 264.5 4.271680518224242 0.39266339664805977 5015.52197265625 3.18701171875 29.31216660413239 190000
3800 255.3 4.311638670344929 0.36206806121954577 5015.52197265625 3.18701171875 28.968362790396103 192645
3810 225.2 4.4856541364273275 0.7583911216015499 5015.52197265625 3.18701171875 28.64587681882626 195198
3820 247.9 4.403201541385128 6.025615309077359 5015.52197265625 3.18701171875 28.37031935374263 197450
3830 254.2 4.339235223249415 0.44567763496976265 5015.52197265625 3.18701171875 28.073141430295635 199929
3840 245.4 4.392304237819626 0.7110535699102445 5015.52197265625 3.18701171875 27.775164981429818 202471
3850 245.7 4.361766127391122 0.44730783423176307 5015.52197265625 3.18701171875 27.495152585358962 204925
3860 181.2 333.7143940030873 624.650446876069 5015.52197265625 3.18701171875 27.22107513154317 207382
3870 307.1 5.871292417346757 3.3921976293021494 5015.52197265625 3.18701171875 29.87586395815979 209194
3880 249.5 4.3838391627003945 0.7447622043710004 5015.52197265625 3.18701171875 29.52857147375663 212265
3890 242.4 4.405838465926666 0.4437904188863168 5015.52197265625 3.18701171875 29.236449537101365 214760
3900 234.5 4.688501132729201 1.0902460831395986 5015.52197265625 3.18701171875 28.95931401497944 217184
3910 235.6 4.327255793054973 0.4496909959840642 5015.52197265625 3.18701171875 28.700054162254396 219529
3920 261.8 4.533238934778463 2.386269115152661 5015.52197265625 3.18701171875 28.4412610353741 221885
3930 243.4 4.455968726729404 0.9766673560697939 5015.52197265625 3.18701171875 28.162462080084598 224503
3940 247.1 4.397951392401853 0.6019952124121141 5015.52197265625 3.18701171875 27.908199422069085 226937
3950 247.2 4.421600341796865 0.5958910975717786 5015.52197265625 3.18701171875 27.654965782085704 229408
3960 244 4.456325843685959 1.1303664015140287 5015.52197265625 3.18701171875 27.407282155346035 231880
3970 236.1 4.388720268821481 1.140079405355284 5015.52197265625 3.18701171875 27.168291316320555 234320
3980 191.1 4.461431785755156 0.8353389532711398 5015.52197265625 3.18701171875 26.94105479440648 236681
3990 292.6 4.298761708069887 0.34936064586081716 5015.52197265625 3.18701171875 26.7610045011463 238592
4000 244.6 4.352777513829979 0.5327220791167633 5015.52197265625 3.18701171875 26.48887355267645 241518
4010 239.4 4.378493740046723 0.6385088069737783 5015.52197265625 3.18701171875 26.26693551710145 243964
4020 246.4 4.575540220582641 1.6705037410353478 5015.52197265625 3.18701171875 26.054233150568727 246358
4030 237.2 4.572135938158728 1.8004829233855428 5015.52197265625 3.18701171875 25.84153692845217 248822
4040 242.2 4.385305818893212 0.8614623544825937 5015.52197265625 3.18701171875 25.640692086819904 251194
4050 175 399.7932101004466 678.6719918202494 5015.52197265625 3.18701171875 25.43770589690713 253616
4060 309.1 5.827704250369026 3.8701684737644957 5015.52197265625 3.18701171875 28.00313015994995 255366
4070 249.2 4.334004066920393 0.41801295007014194 5015.52197265625 3.18701171875 27.737924568743235 258457
4080 250.3 4.371601441551386 0.4590086709879249 5015.52197265625 3.18701171875 27.514422773792717 260949
4090 245.2 4.525013162883625 6.1015920464397375 5015.52197265625 3.18701171875 27.29454787515995 263452
4100 84.8 4.329514413509727 0.38814712023984443 5015.52197265625 3.18701171875 27.0845814996466 265904
4110 307.2 4.22433360417683 0.4956694681134356 5015.52197265625 3.18701171875 27.012243534461543 266752
4120 299.7 4.290304871929227 0.4319760517011005 5015.52197265625 3.18701171875 26.75279863961959 269824
4130 230.2 4.3780301224139375 0.5647508249111562 5015.52197265625 3.18701171875 26.506043097261166 272821
4140 257.5 4.43938798922936 5.939454745687093 5015.52197265625 3.18701171875 26.320894324282904 275123
4150 281.5 4.328238007188062 0.507593140476778 5015.52197265625 3.18701171875 26.117994487723898 277698
4160 225.2 4.576715445645533 0.8849657115307248 5015.52197265625 3.18701171875 25.899330238677656 280513
4170 266.8 4.3253163762357065 0.5800200167926308 5015.52197265625 3.18701171875 25.72951244470065 282765
4180 247 4.334152209324384 0.3697419945321653 5015.52197265625 3.18701171875 25.529443093537104 285433
4190 241.7 4.375963936278183 1.037034085108871 5015.52197265625 3.18701171875 25.347602791477016 287903
4200 241.6 4.3692928086842775 0.9243369758001232 5015.52197265625 3.18701171875 25.1730076856868 290320
4210 15.2 4.375587864925988 0.24380224023841365 5015.52197265625 3.18701171875 25.0013110882651 292736
4220 0 0 0 5015.52197265625 3.18701171875 24.990606962695097 292888
4230 0 0 0 5015.52197265625 3.18701171875 24.990606962695097 292888
4240 0 0 0 5015.52197265625 3.18701171875 24.990606962695097 292888
4250 0 0 0 5015.52197265625 3.18701171875 24.990606962695097 292888
4260 0 0 0 5015.52197265625 3.18701171875 24.990606962695097 292888
4261 0 0 0 5015.52197265625 3.18701171875 24.990606962695097 292888
