3780 33.5 335
3790 7.3 408
3800 0 408
3810 19.6 604
3820 8.2 686
3830 0 686
3840 0 686
3850 0 686
3860 0 686
3870 0 686
3880 0 686
3890 0 686
3900 9.9 785
3910 9.5 880
3920 0 880
3930 0 880
3940 2.5 905
3950 0 905
3960 3.6 941
3970 9.9 1040
3980 44 1480
3990 0 1480
4000 0 1480
4010 0 1480
4020 0 1480
4030 2.7 1507
4040 0 1507
4050 0 1507
4060 0 1507
4070 0 1507
4080 0 1507
4090 0 1507
4100 0 1507
4110 0 1507
4120 0 1507
4130 0 1507
4140 0 1507
4150 0 1507
4160 18.1 1688
4170 0 1688
4180 0 1688
4190 0 1688
4200 0 1688
4210 0 1688
4220 0 1688
4230 0 1688
4240 0 1688
4250 0 1688
4260 0 1688
4261 0 1688
