3040 5 50
3050 0 50
3060 0 50
3070 0 50
3080 0 50
3090 0 50
3100 0 50
3110 0 50
3120 0 50
3130 0 50
3140 0 50
3150 0 50
3160 0 50
3170 0 50
3180 0 50
3190 0 50
3200 0 50
3210 0 50
3220 0 50
3230 0 50
3240 0 50
3250 0 50
3260 0 50
3270 0 50
3280 0 50
3290 0 50
3300 0 50
3310 0 50
3320 0 50
3330 0 50
3340 0 50
3350 0 50
3360 0 50
3370 0 50
3380 0 50
3390 0 50
3400 0 50
3410 0 50
3420 0 50
3430 0 50
3440 0 50
3450 0 50
3460 0 50
3470 0 50
3480 0 50
3490 0 50
3500 0 50
3510 0 50
3520 0 50
3530 0 50
3540 0 50
3550 9.6 146
3560 0.3 149
3570 2.1 170
3580 0 170
3590 0 170
3600 0 170
3610 0 170
3620 0 170
3630 0 170
3640 0 170
3650 0 170
3660 0 170
3670 72.7 897
3680 9.9 996
3690 0 996
3700 22 1216
3710 35.6 1572
3720 0 1572
3730 0 1572
3740 0 1572
3750 0 1572
3760 0 1572
3770 0 1572
3780 0 1572
3790 0 1572
3800 0 1572
3810 0 1572
3820 0 1572
3830 0 1572
3840 0 1572
3850 0 1572
3860 68.6 2258
3870 4.8 2306
3880 0 2306
3890 0 2306
3900 0 2306
3910 0 2306
3920 0 2306
3930 0 2306
3940 0 2306
3950 0 2306
3960 0 2306
3970 0 2306
3980 0 2306
3990 0 2306
4000 0 2306
4010 0 2306
4020 0 2306
4030 0 2306
4040 0 2306
4050 66.6 2972
4060 6.3 3035
4070 0 3035
4080 0 3035
4090 0 3035
4100 157.6 4611
4110 89.2 5503
4120 0 5503
4130 44.2 5945
4140 38 6325
4150 0 6325
4160 0 6325
4170 0 6325
4180 0 6325
4190 0 6325
4200 0 6325
4210 0 6325
4220 0 6325
4230 0 6325
4240 0 6325
4250 0 6325
4260 0 6325
4261 0 6325
