0 0 0
10 3 30
20 3.5 65
30 3.4 99
40 3.7 136
50 3.5 171
60 3.4 205
70 3.4 239
80 3.4 273
90 3.8 311
100 3.1 342
110 3.8 380
120 3.8 418
130 2.9 447
140 6.3 510
150 5.6 566
160 3.1 597
170 4.1 638
180 3.2 670
190 3.6 706
200 8.3 789
210 5.6 845
220 4 885
230 4.5 930
240 4.7 977
250 4.2 1019
260 4.4 1063
270 3.8 1101
280 3 1131
290 4.1 1172
300 4.3 1215
310 3.4 1249
320 5.9 1308
330 4.6 1354
340 3.6 1390
350 4 1430
360 3.3 1463
370 3.2 1495
380 3 1525
390 4 1565
400 3.6 1601
410 3.9 1640
420 4.5 1685
430 3.5 1720
440 3.2 1752
450 3.2 1784
460 5.4 1838
470 3.4 1872
480 4.3 1915
490 3.5 1950
500 4.5 1995
510 4.1 2036
520 3.3 2069
530 3.4 2103
540 4.4 2147
550 4.5 2192
560 3.1 2223
570 3.5 2258
580 3.9 2297
590 3.5 2332
600 4.9 2381
610 7 2451
620 7.5 2526
630 8.9 2615
640 7.6 2691
650 7.1 2762
660 7 2832
670 7.2 2904
680 7.6 2980
690 7.8 3058
700 7.6 3134
710 7 3204
720 6.4 3268
730 8.5 3353
740 8.4 3437
750 7.3 3510
760 7.5 3585
770 7 3655
780 7.3 3728
790 7.1 3799
800 7.6 3875
810 7.2 3947
820 5.7 4004
830 8.8 4092
840 7.4 4166
850 7.6 4242
860 9.6 4338
870 9.3 4431
880 10.5 4536
890 9 4626
900 8.2 4708
910 6.4 4772
920 7.9 4851
930 8.6 4937
940 7.8 5015
950 7 5085
960 7 5155
970 6.8 5223
980 7.8 5301
990 7.8 5379
1000 9.5 5474
1010 7.7 5551
1020 9.5 5646
1030 7.5 5721
1040 9.6 5817
1050 8.5 5902
1060 5 5952
1070 8.8 6040
1080 7.9 6119
1090 7 6189
1100 7.2 6261
1110 7.1 6332
1120 9.8 6430
1130 7.7 6507
1140 6.6 6573
1150 7.4 6647
1160 8.9 6736
1170 8.9 6825
1180 8.8 6913
1190 7.6 6989
1200 6.8 7057
1210 12 7177
1220 13 7307
1230 13.8 7445
1240 13.7 7582
1250 13.4 7716
1260 13.9 7855
1270 13.6 7991
1280 14.6 8137
1290 15.3 8290
1300 14.5 8435
1310 12.4 8559
1320 10.7 8666
1330 11 8776
1340 15.4 8930
1350 22.4 9154
1360 28.9 9443
1370 16.7 9610
1380 12.6 9736
1390 19 9926
1400 21.5 10141
1410 15.9 10300
1420 12.1 10421
1430 6.9 10490
1440 9 10580
1450 9 10670
1460 15.1 10821
1470 15.6 10977
1480 14.1 11118
1490 12.2 11240
1500 15 11390
1510 16.1 11551
1520 14.1 11692
1530 12.8 11820
1540 16 11980
1550 19.4 12174
1560 18.3 12357
1570 15.7 12514
1580 17.1 12685
1590 15.8 12843
1600 14.5 12988
1610 11.1 13099
1620 15.2 13251
1630 21.3 13464
1640 16.8 13632
1650 18.5 13817
1660 19.3 14010
1670 12.5 14135
1680 12.5 14260
1690 15.3 14413
1700 20.3 14616
1710 19.9 14815
1720 13.9 14954
1730 13.1 15085
1740 16.5 15250
1750 15.1 15401
1760 12 15521
1770 12.7 15648
1780 13.3 15781
1790 22.3 16004
1800 32.8 16332
1810 15.8 16490
1820 43.8 16928
1830 18 17108
1840 59.6 17704
1850 33.3 18037
1860 17.7 18214
1870 15.1 18365
1880 29.2 18657
1890 31 18967
1900 41 19377
1910 28.2 19659
1920 31.6 19975
1930 25.5 20230
1940 22.7 20457
1950 37.8 20835
1960 42.5 21260
1970 35.3 21613
1980 31.9 21932
1990 23.8 22170
2000 27.5 22445
2010 26.7 22712
2020 32 23032
2030 35.9 23391
2040 31.4 23705
2050 24.5 23950
2060 28.2 24232
2070 30.3 24535
2080 39 24925
2090 32.9 25254
2100 29.7 25551
2110 31.4 25865
2120 33.8 26203
2130 35 26553
2140 25.8 26811
2150 32.6 27137
2160 33.8 27475
2170 29 27765
2180 27.6 28041
2190 32.8 28369
2200 43.2 28801
2210 40.2 29203
2220 34.1 29544
2230 54.2 30086
2240 26.8 30354
2250 29.9 30653
2260 15.4 30807
2270 40.8 31215
2280 36.3 31578
2290 12.1 31699
2300 25.2 31951
2310 29.6 32247
2320 36.5 32612
2330 30.3 32915
2340 16.7 33082
2350 32.6 33408
2360 37.6 33784
2370 30.5 34089
2380 42.2 34511
2390 41 34921
2400 28.5 35206
2410 65.6 35862
2420 50.7 36369
2430 61.5 36984
2440 48.2 37466
2450 65.2 38118
2460 59.4 38712
2470 62.4 39336
2480 67.3 40009
2490 75.1 40760
2500 67.3 41433
2510 67.7 42110
2520 58.9 42699
2530 63.5 43334
2540 70.8 44042
2550 59.3 44635
2560 55.4 45189
2570 46.6 45655
2580 75.9 46414
2590 58.7 47001
2600 66.9 47670
2610 67.5 48345
2620 44.7 48792
2630 77.6 49568
2640 76 50328
2650 60.7 50935
2660 74.7 51682
2670 60.4 52286
2680 44.7 52733
2690 82.2 53555
2700 71 54265
2710 49.2 54757
2720 64.9 55406
2730 58.9 55995
2740 69.5 56690
2750 67.1 57361
2760 31.8 57679
2770 67.2 58351
2780 62.3 58974
2790 56.8 59542
2800 69.9 60241
2810 58 60821
2820 63.5 61456
2830 63.3 62089
2840 61 62699
2850 65.9 63358
2860 66.9 64027
2870 58.6 64613
2880 54.3 65156
2890 56.2 65718
2900 59.6 66314
2910 65.5 66969
2920 63.3 67602
2930 67.8 68280
2940 56.5 68845
2950 68.6 69531
2960 57.8 70109
2970 80.6 70915
2980 68.9 71604
2990 58.7 72191
3000 41.5 72606
3010 113.6 73742
3020 121.2 74954
3030 84.8 75802
3040 165.3 77455
3050 138.2 78837
3060 143.6 80273
3070 117.8 81451
3080 113.6 82587
3090 111 83697
3100 101.4 84711
3110 149.3 86204
3120 132.8 87532
3130 134.7 88879
3140 120.2 90081
3150 73.5 90816
3160 173.1 92547
3170 123.4 93781
3180 119.5 94976
3190 119.2 96168
3200 113.4 97302
3210 102.1 98323
3220 122.8 99551
3230 132 100871
3240 121 102081
3250 123.8 103319
3260 119 104509
3270 120.1 105710
3280 133.9 107049
3290 140.1 108450
3300 129.2 109742
3310 124.5 110987
3320 118.1 112168
3330 96.3 113131
3340 118.6 114317
3350 133.4 115651
3360 123.5 116886
3370 116.6 118052
3380 121.1 119263
3390 118.3 120446
3400 132.6 121772
3410 119.7 122969
3420 121.5 124184
3430 152.4 125708
3440 117.3 126881
3450 115 128031
3460 108.4 129115
3470 117.5 130290
3480 120.4 131494
3490 124 132734
3500 123.2 133966
3510 134.4 135310
3520 118.7 136497
3530 146.3 137960
3540 131.7 139277
3550 39.8 139675
3560 131.5 140990
3570 166 142650
3580 136.1 144011
3590 115.6 145167
3600 121.2 146379
3610 235.4 148733
3620 258 151313
3630 242.4 153737
3640 254 156277
3650 223.4 158511
3660 256.9 161080
3670 90.8 161988
3680 347.7 165465
3690 286.3 168328
3700 149.9 169827
3710 287.6 172703
3720 275.4 175457
3730 237.9 177836
3740 266.8 180504
3750 249.9 183003
3760 256.3 185566
3770 211.3 187679
3780 191.1 189590
3790 274 192330
3800 250.6 194836
3810 223.2 197068
3820 263 199698
3830 240.7 202105
3840 209.8 204203
3850 254.3 206746
3860 197.2 208718
3870 324.3 211961
3880 252 214481
3890 239.4 216875
3900 222.5 219100
3910 243.4 221534
3920 254.3 224077
3930 247.6 226553
3940 238.5 228938
3950 251.6 231454
3960 242.2 233876
3970 230.3 236179
3980 226.6 238445
3990 294.5 241390
4000 221 243600
4010 234.4 245944
4020 246.7 248411
4030 248.8 250899
4040 234 253239
4050 171.3 254952
4060 325.3 258205
4070 263.1 260836
4080 254.9 263385
4090 206.1 265446
4100 31.8 265764
4110 377 269534
4120 304 272574
4130 161.3 274187
4140 288.8 277075
4150 308.5 280160
4160 243.7 282597
4170 253.4 285131
4180 259.2 287723
4190 223.2 289955
4200 231 292265
4210 29.8 292563
4220 16.4 292727
4230 4 292767
4240 4.2 292809
4250 5 292859
4260 2.9 292888
4261 0 292888
