10 3 1952.1068766276042 716.5978241478991 3394.587890625 1024.945068359375 0 0
20 3.4 3578.8477424172793 2016.882940287433 7137.123046875 1024.945068359375 1952.1068766276042 30
30 3.4 5041.719898897059 2545.4021519284524 9162.489013671875 1024.945068359375 2816.312961578369 64
40 3.7 6079.06029613598 3694.823469758236 11777.782958984375 1024.945068359375 3588.392919423629 98
50 3.4 7986.046192842371 3557.5621911971234 12382.12890625 1024.945068359375 4271.02027452257 135
60 3.4 8589.823421702666 4189.450869023512 13436.717041015625 1024.945068359375 5018.42193856324 169
70 3.6 8595.668457031248 3768.7652174003047 13536.0859375 1024.945068359375 5616.587704212207 203
80 3.3 9858.376627604164 1890.6293171530579 16285.140869140625 1024.945068359375 6065.319533088716 239
90 3.8 9563.042120682565 3424.415893427406 16285.140869140625 1024.945068359375 6525.506607055664 272
100 3.2 10757.529090881346 6521.065383369117 27387.62890625 1024.945068359375 6897.849670016381 310
110 3.7 14892.99303869299 11499.859304693198 34320.833984375 45.533935546875 7258.989264951115 342
120 3.7 14500.986882390203 11281.418300282818 34320.833984375 45.35791015625 8004.261401173936 379
130 2.8 14917.403860909599 11747.09900134134 34320.833984375 45.35791015625 8582.095157916729 416
140 6.4 19049.25855255127 12775.990768029553 39559.592041015625 45.35791015625 8981.61913017754 444
150 5.7 13267.633874725878 13436.254090544831 48807.421875 45.35791015625 10249.983151893915 508
160 3 15396.107063802083 14964.250429900898 48807.421875 45.35791015625 10554.41871154245 565
170 4 10821.771630859375 9558.036635428465 48807.421875 45.35791015625 10798.537451992515 595
180 3.3 10981.930952592329 9677.01399143992 48807.421875 45.35791015625 10800.001022314838 635
190 3.8 9785.876651161598 10942.511129485154 48807.421875 45.35791015625 10808.988578750703 668
200 8.3 13826.604071559676 9570.077219092755 48807.421875 45.35791015625 10753.920231373386 706
210 5.6 1859.3029131208148 1019.7924717983591 48807.421875 45.35791015625 11077.155667033032 789
220 4 1477.8964965820312 516.9697552068772 48807.421875 45.35791015625 10466.268383933524 845
230 4.5 3015.3702962239604 1896.5205690456871 48807.421875 45.35791015625 10060.014287330067 885
240 4.5 1774.9338758680556 1042.4350383221938 48807.421875 45.35791015625 9719.144416792675 930
250 4.2 1372.1546805245537 726.0678408221681 48807.421875 45.35791015625 9352.488545673077 975
260 4.6 1151.9499936311142 191.56568931458975 48807.421875 45.35791015625 9022.917235607945 1017
270 3.7 1200.4690007390202 411.4047238033186 48807.421875 45.35791015625 8682.310939153633 1063
280 3 1253.8300699869792 294.12455333942813 48807.421875 45.35791015625 8430.648983043324 1100
290 4.1 1189.2401033727135 242.01391497097336 48807.421875 45.35791015625 8240.113967652447 1130
300 4.1 1052.6819919493141 76.28454659880819 48807.421875 45.35791015625 7993.243063779289 1171
310 3.6 1083.5171644422746 122.07582149115305 48807.421875 45.35791015625 7758.455106728935 1212
320 5.6 1217.5921238490514 311.1216335348713 48807.421875 45.35791015625 7565.908819932204 1248
330 5 1408.433662109375 588.3004225759936 48807.421875 45.35791015625 7293.2817225543995 1304
340 3.5 1162.1369070870537 244.51034075282556 48807.421875 45.35791015625 7075.968278667951 1354
350 4.1 1297.4653856230946 730.1265037466917 48807.421875 45.35791015625 6926.951649434452 1389
360 3.2 1122.3046798706055 238.40350132262128 48807.421875 45.35791015625 6765.546798513986 1430
370 3.3 1139.990907611269 275.1125746880678 48807.421875 45.35791015625 6642.028503167482 1462
380 3 1072.8032958984375 110.90636858713256 48807.421875 45.35791015625 6520.578843867579 1495
390 3.9 1157.8140900440706 168.9173052236493 48807.421875 45.35791015625 6413.409488825563 1525
400 3.6 1113.233622233073 206.84192964646232 48807.421875 45.35791015625 6282.355639367457 1564
410 3.9 1161.1700157752405 220.54644284736165 48807.421875 45.35791015625 6166.050393981934 1600
420 4.4 1167.0602805397727 261.90865278303954 48807.421875 45.35791015625 6046.959280650597 1639
430 3.7 1135.458225559544 169.5454530665155 48807.421875 45.35791015625 5919.38022182417 1683
440 3.2 1167.0520172119143 278.9172770699012 48807.421875 45.35791015625 5816.4702719045235 1720
450 3.2 1243.3537673950195 256.5151992492384 48807.421875 45.35791015625 5731.549390540275 1752
460 5.4 1661.9279694733796 1160.5421945020714 48807.421875 45.35791015625 5651.043639452468 1784
470 3.4 1066.1534782858455 81.72478207760236 48807.421875 45.35791015625 5533.844376025444 1838
480 4.3 1402.1541492550873 1229.4207540153088 48807.421875 45.35791015625 5452.700417412652 1872
490 3.2 1083.9882507324219 127.43262911148328 48807.421875 45.35791015625 5361.748203558461 1915
500 4.5 1284.055935329861 691.6453517709513 48807.421875 45.35791015625 5291.440900789877 1947
510 4.3 1418.6398187681684 1229.1799151939035 48807.421875 45.35791015625 5200.912625967738 1992
520 3.4 1190.0704561121322 335.14219748914695 48807.421875 45.35791015625 5120.992365176789 2035
530 3.4 1193.9667825137867 267.0065775442769 48807.421875 45.35791015625 5056.395291755717 2069
540 4.3 1188.0332371911331 329.19936177566785 48807.421875 45.35791015625 4993.949942581097 2103
550 4.2 1180.9506196521577 263.2017251312578 48807.421875 45.35791015625 4917.689729006182 2146
560 3.4 1201.8241397633271 270.51104796905764 48807.421875 45.35791015625 4845.960733305602 2188
570 3.5 1276.5299246651787 768.5874213707328 48807.421875 45.35791015625 4790.199867337808 2222
580 4 1121.076593017578 186.72527595343493 48807.421875 45.35791015625 4735.712296228575 2257
590 3.4 1239.3950482536766 766.5438356874968 48807.421875 45.35791015625 4672.76696400026 2297
600 4.8 1127.5666198730466 193.04093601244315 48807.421875 45.35791015625 4622.687751157967 2331
610 7 1383.079248046875 552.5383619300796 48807.421875 45.35791015625 4552.168283187527 2379
620 7.6 1495.4243581671465 626.6303791331677 48807.421875 45.35791015625 4461.585909786202 2449
630 8.8 1769.4029541015623 871.6014637404209 48807.421875 45.35791015625 4372.307383876084 2525
640 7.7 1821.2161722554788 1256.5469281698333 48807.421875 45.35791015625 4284.647380117891 2613
650 7.2 1431.1581522623699 509.8968997606406 48807.421875 45.35791015625 4214.132806509933 2690
660 6.9 1632.4060872395833 689.2194592500805 48807.421875 45.35791015625 4141.58603782571 2762
670 7.2 1308.595387776693 391.96993361077716 48807.421875 45.35791015625 4080.4297620961293 2831
680 7.6 1526.8735062448604 630.8254744046451 48807.421875 45.35791015625 4011.682922636605 2903
690 7.9 1650.406460146361 662.6042841218346 48807.421875 45.35791015625 3948.290671664543 2979
700 7.6 1817.4084151418585 933.6658560409275 48807.421875 45.35791015625 3888.9274104775136 3058
710 6.9 1399.8278914741848 807.524462161062 48807.421875 45.35791015625 3838.692744349399 3134
720 6.5 1457.5289813701925 757.5844128865494 48807.421875 45.35791015625 3786.153976054554 3203
730 8.5 1638.5473403033088 748.9521234041587 48807.421875 45.35791015625 3739.837995438127 3268
740 8 1575.745092773437 646.9689229053 48807.421875 45.35791015625 3686.569368630355 3353
750 7.4 1368.5458819415119 442.3868968554343 48807.421875 45.35791015625 3637.3803380248924 3433
760 7.3 1431.380886130137 1132.758838448282 48807.421875 45.35791015625 3589.506443029121 3507
770 7.2 1228.6926269531248 339.3374063875443 48807.421875 45.35791015625 3545.499972176153 3580
780 7.4 1350.3798366237334 619.4489309352573 48807.421875 45.35791015625 3499.823595161898 3652
790 7.1 1267.2673030369717 412.25026504172723 48807.421875 45.35791015625 3457.134696039025 3726
800 7.5 1461.8026953125 674.6528236459392 48807.421875 45.35791015625 3416.1864250611097 3797
810 7 1234.4193777901787 316.1240964176917 48807.421875 45.35791015625 3378.330335254512 3872
820 6 1294.9756958007813 434.4858354531919 48807.421875 45.35791015625 3340.259871778484 3942
830 8.6 1338.4727470930236 492.85741718646074 48807.421875 45.35791015625 3309.5959411041554 4002
840 7.6 1374.1467542146381 480.7313026010326 48807.421875 45.35791015625 3268.1290637350367 4088
850 7.8 1369.591825045072 534.8925011917099 48807.421875 45.35791015625 3233.5607026582957 4164
860 9.4 1365.260287670379 442.3081255930599 48807.421875 45.35791015625 3199.2868760543747 4242
870 9.5 1603.6665732935853 657.2315280165817 48807.421875 45.35791015625 3159.5270745534303 4336
880 10.1 1639.618026280167 713.2272134114403 48807.421875 45.35791015625 3126.1696501301208 4431
890 9.3 1786.3878501974127 771.674862248545 48807.421875 45.35791015625 3093.040410498866 4532
900 8.2 1299.3206102324696 406.8803238021585 48807.421875 45.35791015625 3066.7660995565884 4625
910 6.5 1345.626600060096 677.5798141083319 48807.421875 45.35791015625 3035.9756746310354 4707
920 7.8 1375.9913830879402 781.8383452965396 48807.421875 45.35791015625 3012.95122160356 4772
930 8.5 1315.0341567095584 458.6031395836678 48807.421875 45.35791015625 2986.6248571903193 4850
940 8 1510.5801147460938 605.4665597772904 48807.421875 45.35791015625 2957.833528002707 4935
950 7 1197.5971644810265 315.78963226670584 48807.421875 45.35791015625 2934.7467337732896 5015
960 7 1167.752326311384 242.56661015746516 48807.421875 45.35791015625 2910.833170380869 5085
970 6.8 1473.3147367589613 544.4326564384161 48807.421875 45.35791015625 2887.163789375076 5155
980 7.8 1297.2022924178682 414.7803802439413 48807.421875 45.35791015625 2868.756411320721 5223
990 7.2 1124.1208326551648 228.8925917774923 48807.421875 45.35791015625 2845.6322420555966 5301
1000 9.3 1520.192881594422 692.3255497308069 48807.421875 45.35791015625 2822.5634124488906 5373
1010 8 1426.861831665039 738.9232719223759 48807.421875 45.35791015625 2800.404528554001 5466
1020 9.6 1738.4876174926758 898.740639357623 48807.421875 45.35791015625 2780.5914351982283 5546
1030 7.5 1404.5212500000002 655.937772438358 48807.421875 45.35791015625 2762.8597856945535 5642
1040 9.5 1477.2542326274674 537.2484996873384 48807.421875 45.35791015625 2745.0400567847946 5717
1050 8.7 1395.338544472881 638.7669769657085 48807.421875 45.35791015625 2724.317473630124 5812
1060 5 1057.0364355468746 90.4540229051346 48807.421875 45.35791015625 2704.717343635772 5899
1070 8.9 1339.7929468047748 407.98309006403986 48807.421875 45.35791015625 2690.8689581248555 5949
1080 7.8 1332.4184351211934 438.96263623612225 48807.421875 45.35791015625 2670.9541245694586 6038
1090 7.3 1248.6823262253856 306.5585000466943 48807.421875 45.35791015625 2653.883198510439 6116
1100 7.2 1286.9425116644966 418.41193839049777 48807.421875 45.35791015625 2637.30868507098 6189
1110 6.7 1388.0348173682369 606.3180470128217 48807.421875 45.35791015625 2621.779797595295 6261
1120 9.9 1501.5829560250947 602.9943313092566 48807.421875 45.35791015625 2608.7170741952928 6328
1130 7.9 1363.4029680083072 666.943862948433 48807.421875 45.35791015625 2591.66304001156 6427
1140 6.7 1399.8893241312967 674.0243060422531 48807.421875 45.35791015625 2576.7487231212654 6506
1150 7.4 1736.7645692567567 982.1556716184294 48807.421875 45.35791015625 2564.7527426355928 6573
1160 8.6 1430.4856893849935 632.0291025650089 48807.421875 45.35791015625 2555.5348812199113 6647
1170 9.1 1473.9191921359886 909.5958408423594 48807.421875 45.35791015625 2541.1647296533283 6733
1180 8.8 1315.0786299272022 368.04992834374235 48807.421875 45.35791015625 2526.9327038745946 6824
1190 7.7 1333.105253145292 423.16200293506796 48807.421875 45.35791015625 2511.5040061738755 6912
1200 6.8 1331.9778226964613 392.2940930496107 48807.421875 45.35791015625 2498.5212183668646 6989
1210 11.9 1821.0756959033613 955.0552799192048 48807.421875 45.35791015625 2487.2806131655625 7057
1220 13.1 3004.8079955122853 1423.2298085434973 48807.421875 45.35791015625 2476.232900630139 7176
1230 13.8 3583.0831900334015 1555.4684462115501 48807.421875 45.35791015625 2485.7092024543567 7307
1240 12.9 4304.270575944768 2176.7177939037824 48807.421875 45.35791015625 2506.0500500414496 7445
1250 13.6 4880.835959041819 1567.0577583895301 48807.421875 45.35791015625 2536.677254668005 7574
1260 13.9 5635.570874550361 2395.076515933093 48807.421875 45.35791015625 2578.026876431278 7710
1270 13.7 6829.163599167427 3179.931587419247 48807.421875 45.35791015625 2632.1737251685126 7849
1280 14.4 7478.427242702908 3770.646079616936 48807.421875 45.35791015625 2704.173175799348 7986
1290 15.2 8007.078648617393 3724.644532300808 48807.421875 45.35791015625 2788.7356094566803 8130
1300 14.9 8173.243594995275 3763.2940304190915 48807.421875 45.35791015625 2884.5081453118396 8282
1310 12.6 9244.762290349083 4908.5194397439345 48807.421875 45.35791015625 2977.975300098085 8431
1320 10.6 10146.61076614092 4200.560939721422 48807.421875 45.35791015625 3070.2524019762695 8557
1330 11.1 12809.445668813345 5755.177625291114 48807.421875 45.35791015625 3156.8383406351004 8663
1340 15 7137.7515332031235 9818.495876053768 48807.421875 44.987060546875 3278.9536145612215 8774
1350 22.9 11631.679578756137 12823.261991504021 48807.421875 44.914794921875 3343.814628433508 8924
1360 22.7 10301.12166592098 12147.910010734819 48807.421875 44.783935546875 3551.169711316047 9153
1370 22.9 7388.513865908158 11401.429125650093 48807.421875 44.738037109375 3714.521427061817 9380
1380 12.6 12257.515409923735 12149.371332038 48807.421875 43.8369140625 3802.0793694591334 9609
1390 18.4 6307.42565254543 4240.673058502285 48807.421875 43.70703125 3911.5179869320186 9735
1400 22.1 3876.1713149126795 5531.70284205412 48807.421875 43.44189453125 3955.9626900747617 9919
1410 15.9 3260.6326405267287 6724.672080159599 48807.421875 43.44189453125 3954.2236472827676 10140
1420 12.2 188.54141185322746 431.2969683951029 48807.421875 43.44189453125 3943.515717379456 10299
1430 6.8 4300.597534179688 2296.364742587944 48807.421875 43.44189453125 3899.5557456613674 10421
1440 8.8 7187.974961714309 5406.00481173113 48807.421875 43.44189453125 3902.1556924264783 10489
1450 9.2 10930.392771845278 7986.799524783267 48807.421875 43.44189453125 3929.4935099264617 10577
1460 15 9420.275584309895 10118.19935446689 48807.421875 43.44189453125 3989.863060221385 10669
1470 15.7 13266.018652654755 12926.630855873715 48807.421875 43.44189453125 4065.15300186232 10819
1480 14.2 12346.299878617408 13362.605259352644 48807.421875 43.44189453125 4196.761593988268 10976
1490 11.3 16888.352204179337 16029.153426447889 48807.421875 43.44189453125 4300.848159595152 11118
1500 15.5 15848.394573777721 16985.083727002504 60047.620849609375 43.44189453125 4427.496539707165 11231
1510 16 24428.55176544189 18864.776884157967 60118.11181640625 43.44189453125 4582.971613945785 11386
1520 13.7 26043.234790217266 20669.877814369127 60118.11181640625 43.44189453125 4857.983983964786 11546
1530 12.7 19469.4487573819 20166.800518093736 60118.11181640625 43.44189453125 5106.411559113 11683
1540 16.8 15169.25296601795 18700.43170750652 60119.02294921875 43.44189453125 5260.8658964694905 11810
1550 18.8 22559.321922789222 19934.810968199898 60119.02294921875 43.44189453125 5399.838097812297 11978
1560 18.8 24119.636956397524 20886.708369305725 60119.02294921875 43.44189453125 5665.001911645575 12166
1570 15.6 20987.997837164465 20060.369072533686 60119.02294921875 43.44189453125 5945.839809363995 12354
1580 17 18912.15835391775 21182.906611903745 60119.02294921875 43.44189453125 6133.415880693881 12510
1590 15.9 24126.61185018671 22060.792655627592 60119.60498046875 43.44189453125 6304.739715114075 12680
1600 14.7 18264.490239357463 20242.944717639333 60216.416015625 43.44189453125 6525.448311537203 12839
1610 11 16125.301720081678 16287.488985997985 60216.416015625 43.44189453125 6658.332892115486 12986
1620 15.2 23605.248104697785 21533.499437283783 60216.416015625 43.44189453125 6737.850803773724 13096
1630 21 20139.09046223957 19495.12095681815 60216.416015625 43.44189453125 6931.377705173215 13248
1640 17.1 20633.143176340916 19669.218728407028 60216.416015625 43.44189453125 7137.472197592886 13458
1650 18.4 17608.739939814037 20552.611059873045 60216.416015625 43.44189453125 7306.799348327783 13629
1660 19.3 16871.018105620544 20317.146449215074 60216.416015625 43.44189453125 7444.029281639408 13813
1670 12.8 18469.173950195313 19015.655349538003 60216.416015625 43.44189453125 7573.9313838119315 14006
1680 12.5 23879.28017773437 21689.363335239526 60216.416015625 43.44189453125 7672.600624543294 14134
1690 15.3 21268.145053040746 20071.120558750503 60216.416015625 43.44189453125 7814.674749246911 14259
1700 20.1 18177.2788681106 20250.76162203091 60216.416015625 43.44189453125 7957.49885113981 14412
1710 20.1 19662.958759668447 20666.943300256396 60216.416015625 43.44189453125 8098.070655930826 14613
1720 13.9 22173.60108827001 21406.07192090843 60216.416015625 43.44189453125 8254.985905617019 14814
1730 13.2 20897.73624859434 20636.408996204915 60216.416015625 43.44189453125 8384.370477969642 14953
1740 15.6 24960.874192457937 19226.98449971062 60216.416015625 43.44189453125 8493.867612986045 15085
1750 15.5 19941.233335433473 16098.268149795516 60216.416015625 43.44189453125 8662.416463218813 15241
1760 11.8 19320.077429819914 12013.990496541195 60216.416015625 43.44189453125 8775.966516167195 15396
1770 13 23266.31217322717 15406.753927571977 60216.416015625 43.44189453125 8856.16537447653 15514
1780 13 17971.706711989184 11624.381757038609 60216.416015625 43.44189453125 8975.912183722092 15644
1790 22 18140.828106134584 13857.178399184277 60216.416015625 43.44189453125 9050.050213941106 15774
1800 33.1 11746.534158297538 11654.82416176021 60216.416015625 43.44189453125 9175.095301866739 15994
1810 14.7 13187.887349861814 13267.91332346172 60216.416015625 43.44189453125 9227.232898281965 16325
1820 45 4693.773702256943 4393.173365584239 60216.416015625 43.44189453125 9262.578709621344 16472
1830 17.9 8749.15909376091 7793.077570234833 60216.416015625 43.44189453125 9141.082299426687 16922
1840 59.5 5254.057952008926 6539.703959634998 60216.416015625 43.387939453125 9136.979951387731 17101
1850 33.8 973.5480465860762 5331.300701121976 60216.416015625 43.387939453125 9006.422843022543 17696
1860 17 791.6855382582723 1719.3430126508792 60216.416015625 43.387939453125 8855.86768713946 18034
1870 15.9 3443.151241278498 5050.342463204391 60216.416015625 43.387939453125 8780.559460084427 18204
1880 28.5 4522.655580969022 7342.348909455634 60216.416015625 43.387939453125 8734.344358696302 18363
1890 30.8 7394.8379706841015 11453.504000773928 60216.416015625 43.387939453125 8669.97652827737 18648
1900 41.5 9462.5388042404 13332.823766046578 60216.416015625 43.387939453125 8649.257881108202 18956
1910 28.6 6477.929136903134 11872.166417940793 60216.416015625 43.387939453125 8666.681430904282 19371
1920 31.6 7774.613695361946 15370.698528054478 60216.416015625 43.387939453125 8634.836126123068 19657
1930 25.4 7658.625101885457 15598.958515886541 60216.416015625 43.387939453125 8621.226238368574 19973
1940 22.7 11610.533829071448 16491.547322776983 60216.416015625 43.387939453125 8609.138400890613 20227
1950 37.6 11277.629276356802 15003.117091287524 61083.523193359375 43.387939453125 8642.448108634675 20454
1960 42.7 9636.816960855174 15702.169455741134 61083.523193359375 43.387939453125 8690.015469127402 20830
1970 35.3 10941.009047727071 16329.522590017024 61083.523193359375 43.387939453125 8709.03434464924 21257
1980 32.1 10160.667085736713 16991.319880710573 61083.523193359375 43.387939453125 8745.49371855884 21610
1990 22.9 6709.3911900416215 12912.619663870235 61083.523193359375 43.387939453125 8766.207349987599 21931
2000 27.3 10741.947711874715 16781.51864848518 61083.523193359375 43.387939453125 8744.952345446642 22160
2010 27.1 12111.04034356262 16713.648783521432 61083.523193359375 43.387939453125 8769.254923569713 22433
2020 31 10479.701398689509 14029.163651892803 61083.523193359375 43.387939453125 8809.14321853175 22704
2030 36.6 11055.479391462819 15845.584517161133 61083.523193359375 43.387939453125 8831.645740294543 23014
2040 31.4 8318.894860917595 14793.263379574995 61083.523193359375 43.387939453125 8866.458533978357 23380
2050 24.5 15082.627200255103 19373.32681271377 61083.523193359375 43.387939453125 8859.202055826037 23694
2060 28.3 11941.784031305213 18087.94049702796 61083.523193359375 43.387939453125 8922.89473974705 23939
2070 30.2 11706.92329457264 17206.26570536802 61083.523193359375 43.387939453125 8958.166214832136 24222
2080 38.3 14966.878776211646 19685.042389070662 61083.523193359375 43.387939453125 8992.015694447273 24524
2090 33.7 12798.827569344629 18731.179355699256 61083.523193359375 43.387939453125 9083.892378123177 24907
2100 30.2 11300.044571832315 17618.836893834883 61083.523193359375 43.387939453125 9133.485673933732 25244
2110 31 10856.912717363914 17819.028032500355 61083.523193359375 43.387939453125 9159.098325118473 25546
2120 34.1 13098.466085215818 19114.209634862033 61083.523193359375 43.387939453125 9179.454237154214 25856
2130 34.6 11512.690138976699 16277.496819059555 61083.523193359375 43.387939453125 9230.467064584416 26197
2140 26 12436.067100172777 15995.204053103856 61083.523193359375 43.387939453125 9260.216873714497 26543
2150 33.1 11599.192264061317 15947.445552455963 61083.523193359375 43.387939453125 9291.023912436996 26803
2160 33.7 9805.547416166313 14381.365577984929 61083.523193359375 43.387939453125 9319.180606046035 27134
2170 28.8 14198.18450842963 19374.691045549273 61083.523193359375 43.387939453125 9325.147102169603 27471
2180 27.7 13609.38710567323 16432.082893426676 61083.523193359375 43.387939453125 9375.704931090058 27759
2190 32.8 10482.784528034486 13903.227598110327 61083.523193359375 43.387939453125 9417.534363332872 28036
2200 43.4 12080.78703061996 17313.39080585805 61277.013916015625 43.387939453125 9429.852867564367 28364
2210 40.5 9048.751672212582 14532.162600958492 61277.013916015625 43.387939453125 9469.803747027043 28798
2220 33.8 13999.416852781756 16886.52332677292 61277.013916015625 43.387939453125 9463.964412359375 29203
2230 54.4 9977.761046016913 14466.180166410739 61277.013916015625 43.387939453125 9515.857812205784 29541
2240 26.1 2219.5232438712274 8272.823667166223 61277.013916015625 43.387939453125 9524.209992999977 30085
2250 29.1 322.81393380181504 655.1996388812463 61277.013916015625 43.328857421875 9461.383813552187 30346
2260 14.9 1953.52113045302 6358.829223284887 61277.013916015625 43.328857421875 9374.582761392794 30637
2270 40.7 4347.85209756987 8924.679748000117 61878.615966796875 43.328857421875 9338.665845164312 30786
2280 38.4 4992.106411616008 10525.109631217207 61878.615966796875 43.31982421875 9273.546709612396 31193
2290 11.7 5880.326244908522 11612.227084713606 61878.615966796875 43.31982421875 9221.4811848814 31577
2300 24.6 3307.508479420732 7885.572825268516 61878.615966796875 43.31982421875 9209.14714285525 31694
2310 29.6 4987.391091836467 10177.380719748622 61878.615966796875 43.31982421875 9163.693069242072 31940
2320 37.1 8896.978010892226 13915.704609972272 61878.615966796875 43.31982421875 9125.345092281157 32236
2330 30.7 7577.471352841258 13774.749077437276 61878.615966796875 43.31982421875 9122.746748759972 32607
2340 15.9 10874.564807819872 17194.493548936895 61878.615966796875 43.31982421875 9108.33344297681 32914
2350 32.6 12191.053940100177 18362.626076155895 61878.615966796875 43.31982421875 9116.824683173043 33073
2360 37.9 10543.375269263266 15839.642566596394 61878.615966796875 43.31982421875 9146.831531813967 33399
2370 29.7 11548.110046592228 16941.336464412503 61878.615966796875 43.31982421875 9162.501200725486 33778
2380 42.5 10886.016858915442 16804.959058382767 61878.615966796875 43.31982421875 9183.294328450282 34075
2390 41.9 7816.28283604005 14212.53719440413 61878.615966796875 43.31982421875 9204.269895854562 34500
2400 28.5 10866.852568188047 16920.440666462455 61878.615966796875 43.31982421875 9187.615164102157 34919
2410 64.7 6052.270817610729 14120.467767424441 61878.615966796875 43.31982421875 9201.209717566662 35204
2420 51 5426.125943531706 12379.673067404112 61878.615966796875 43.31982421875 9144.381080477837 35851
2430 61.9 4621.915678008885 11260.365607868063 61878.615966796875 43.31982421875 9092.22877113974 36361
2440 48.2 4807.002519409684 11054.297301910952 61878.615966796875 43.31982421875 9017.401193945365 36980
2450 65 6779.233789438103 13362.237103304515 61878.615966796875 43.31982421875 8963.22864146215 37462
2460 59.7 6985.9503363987915 13087.609319469599 61878.615966796875 43.31982421875 8925.980618429625 38112
2470 62.7 8046.062845379154 13625.710148413129 61878.615966796875 43.31982421875 8896.059977793793 38709
2480 67.2 8181.883672805062 15122.05684570973 61878.615966796875 43.31982421875 8882.511365783828 39336
2490 75.2 7601.127493026413 14800.437085426087 61878.615966796875 43.31982421875 8870.743174180105 40008
2500 64.3 6732.029712635471 13743.07400311247 61878.615966796875 43.31982421875 8847.319450131343 40760
2510 68.1 7126.522724437294 14965.32164226982 61878.615966796875 43.31982421875 8814.468417568247 41403
2520 58.8 6765.563692469176 14472.800741000205 61878.615966796875 43.31982421875 8787.154212240279 42084
2530 63.5 5314.18146184486 12854.036488627335 61878.615966796875 43.31982421875 8759.297649959968 42672
2540 70.7 5166.187217528947 12221.108414221799 61878.615966796875 43.31982421875 8708.782749840977 43307
2550 59.9 4961.025757447301 11932.921559495018 61878.615966796875 43.31982421875 8651.877786844097 44014
2560 55.8 4243.850571936603 10980.086386847985 61878.615966796875 43.31982421875 8602.32226792341 44613
2570 47.1 5289.096551656218 11445.724069113661 61878.615966796875 43.31982421875 8548.481812623313 45171
2580 74.2 7225.072560436321 11643.037102009099 61878.615966796875 43.31982421875 8514.84677345072 45642
2590 60 4890.956330566404 11193.064942507885 61878.615966796875 43.31982421875 8494.21439017078 46384
2600 66.7 5882.898971534738 12145.91021575251 61878.615966796875 43.31982421875 8448.199686532038 46984
2610 64.6 6477.670756337078 13083.906700625965 61878.615966796875 43.31982421875 8412.291613733918 47651
2620 47.6 6455.911236931296 12531.527216201033 61878.615966796875 43.31982421875 8386.414953198515 48297
2630 78.5 5665.739580637933 11396.349975117584 61878.615966796875 43.31982421875 8367.574205880466 48773
2640 76.7 5161.314183519905 11518.210423235154 61878.615966796875 43.31982421875 8324.777075632768 49558
2650 60.1 10139.842348120976 15055.838289000749 63307.035888671875 43.31982421875 8276.562946705782 50325
2660 75.2 3806.152958322087 8472.33263482848 63307.035888671875 43.31982421875 8298.55232188252 50926
2670 60.2 3032.4384153245705 8390.483467722002 63307.035888671875 43.31982421875 8233.180513348958 51678
2680 44.8 6301.507838657925 13808.25614109491 63307.035888671875 43.31982421875 8173.294385900398 52280
2690 82.2 3438.6513324375564 6426.40282749159 63307.035888671875 43.31982421875 8157.390874043991 52728
2700 71 3318.9314652563794 8907.613304719716 63307.035888671875 43.31982421875 8084.957561192441 53550
2710 49.6 2847.511227515435 8629.93756127272 63307.035888671875 43.31982421875 8022.5934158162045 54260
2720 64.9 2399.702943305205 6545.2600958035055 63307.035888671875 43.31982421875 7975.715616754966 54756
2730 59 2067.7506951800824 5652.001539682828 63307.035888671875 43.31982421875 7910.399630380652 55405
2740 69.5 2380.947172535411 6998.461073390814 63307.035888671875 43.31689453125 7848.837653922605 55995
2750 63.3 4296.282644262807 10219.352886460007 63307.035888671875 43.31689453125 7781.8031877987005 56690
2760 32.6 4351.070045143551 9065.988059595738 63307.035888671875 43.31689453125 7743.313672175684 57323
2770 67.3 2855.9474974316263 6858.028304466472 63307.035888671875 43.31689453125 7724.130834270213 57649
2780 64 5275.417937850946 10874.06910815576 63307.035888671875 43.218017578125 7667.954993494994 58322
2790 55.2 7247.39828889266 13288.336760599715 63307.035888671875 43.218017578125 7641.985322934086 58962
2800 70.1 5765.39147339738 11220.11524544628 63307.035888671875 43.218017578125 7638.325477472667 59514
2810 57.8 5955.742365748 12216.426062802211 63307.035888671875 43.218017578125 7616.521496124885 60215
2820 64.2 7763.864637333285 14428.650248679563 63307.035888671875 43.218017578125 7600.73135026339 60793
2830 62.6 5769.262699602514 12132.23090782637 63307.035888671875 43.218017578125 7602.436104398636 61435
2840 62 7295.988799458165 14042.563938328787 63307.035888671875 43.218017578125 7583.945159176961 62061
2850 65.9 7229.1723988465 14149.226756590466 63307.035888671875 43.218017578125 7581.096880703011 62681
2860 67.5 5575.50199146412 12726.117217841213 63307.035888671875 43.218017578125 7577.435399276686 63340
2870 58.3 7708.636511879557 15671.949308367957 63307.035888671875 43.218017578125 7556.326205333494 64015
2880 54.5 5761.831565814936 12366.88538973184 63307.035888671875 43.218017578125 7557.700813041416 64598
2890 55.6 5894.854308642928 12564.221256209057 63307.035888671875 43.218017578125 7542.67619428363 65143
2900 59.8 6699.179961035479 12666.24000127169 63307.035888671875 43.218017578125 7528.730944456141 65699
2910 66.6 5972.180826456335 12048.135117686645 63307.035888671875 43.218017578125 7521.24838132228 66297
2920 63.9 6236.489307099106 12800.335251826957 63307.035888671875 43.218017578125 7505.841679239926 66963
2930 67.4 7969.824811352464 14136.965746421949 63307.035888671875 43.218017578125 7493.8432743732355 67602
2940 56.4 5882.939835785129 12471.43908034528 63307.035888671875 43.218017578125 7498.5420199928385 68276
2950 68.6 5769.667492569013 13298.968656873898 63307.035888671875 43.218017578125 7485.305534927569 68840
2960 57.6 10577.455494774716 18266.369523678957 63307.035888671875 43.218017578125 7468.377656190723 69526
2970 80.8 7107.3878273539 12780.763789863951 63307.035888671875 43.218017578125 7493.92370102574 70102
2980 69.1 3669.4716535421944 10200.89695959022 63307.035888671875 43.218017578125 7489.519230768698 70910
2990 59 5611.895085738874 11670.428361118134 64726.403076171875 43.218017578125 7452.653085381574 71601
3000 39.3 4514.4929845290635 8731.138830358494 64726.403076171875 43.218017578125 7437.609004820434 72191
3010 111 2876.963984858883 7405.757478867268 64726.403076171875 43.218017578125 7421.782037500164 72584
3020 120.7 3526.647205874266 9933.417803739965 64726.403076171875 43.218017578125 7353.326694617001 73694
3030 89.7 4046.541020524142 9550.829239978595 64726.403076171875 43.218017578125 7291.661267681279 74901
3040 160 4192.915908050539 9451.217651489147 64726.403076171875 43.218017578125 7253.258237763604 75798
3050 138.7 4580.302065320563 10598.765923436778 64726.403076171875 43.218017578125 7189.993712484644 77398
3060 143.9 2914.4575465071784 8921.610817480301 64726.403076171875 43.218017578125 7144.050419794201 78785
3070 117.7 2164.1767729546095 8528.380746817502 64726.403076171875 43.218017578125 7068.183046630807 80224
3080 114 1799.8867615816846 6738.599422629017 64726.403076171875 43.218017578125 6997.274637838325 81401
3090 112.3 878.4732932331095 4604.81318941983 64726.403076171875 43.218017578125 6925.491861049425 82541
3100 101 4467.872864615564 11251.323058610786 64726.403076171875 43.218017578125 6844.3243116654885 83664
3110 149.9 4765.812422311493 9828.238658006621 64726.403076171875 43.218017578125 6815.977759459139 84674
3120 133.3 2215.192313215022 7729.811672399141 64726.403076171875 43.218017578125 6780.314641772807 86173
3130 133.6 4113.613604151549 11029.520228621855 64726.403076171875 43.218017578125 6710.773032466387 87506
3140 121.2 1601.635761525372 6443.546780896438 64726.403076171875 43.218017578125 6671.71712426724 88842
3150 73.4 2192.692592360992 5387.187202305303 64726.403076171875 43.218017578125 6603.480970274712 90054
3160 174.1 4065.2918441045113 6771.524185537055 64726.403076171875 43.18505859375 6567.820765518702 90788
3170 123.7 1560.7625547885502 6503.91411395061 64726.403076171875 43.18505859375 6520.7338754390275 92529
3180 119.7 1331.0918868215454 5833.593367783225 64726.403076171875 43.18505859375 6455.29987458963 93766
3190 119.6 1959.5392890853643 6685.283251124661 64726.403076171875 43.18505859375 6390.709697769622 94963
3200 113.9 1554.905299802115 5210.244126561363 64726.403076171875 43.18505859375 6335.5959818534175 96159
3210 101.9 2237.148055596022 6514.203281021553 64726.403076171875 43.18505859375 6279.631761757871 97298
3220 123 4161.04475236598 8745.960083079923 64726.403076171875 43.18505859375 6237.733708556706 98317
3230 132 3931.0589767918455 9136.013727140908 64726.403076171875 43.18505859375 6212.074196807335 99547
3240 121.4 4061.9900521745035 10375.46463657128 64726.403076171875 43.18505859375 6182.223600572487 100867
3250 117.1 3888.1984237814218 10072.451162524529 64726.403076171875 43.18505859375 6157.0086876332025 102081
3260 119.4 4111.922238552787 10276.60217179374 64726.403076171875 43.18505859375 6131.27769143971 103252
3270 120.9 3930.419301527607 10402.152946382585 64726.403076171875 43.18505859375 6108.192935577858 104446
3280 134.7 3784.9147197040866 10753.252520436165 64726.403076171875 43.18505859375 6083.27288140563 105655
3290 138.7 4564.49400438502 11498.075049572783 64726.403076171875 43.18505859375 6054.339885351239 107002
3300 130.8 3723.4159023273232 10706.074939234986 64726.403076171875 43.18505859375 6035.275070315579 108389
3310 123.5 1385.7000215476332 6532.3100795037635 64726.403076171875 43.18505859375 6007.709031210329 109697
3320 118.7 1204.6935942600835 6210.653821991719 64726.403076171875 43.18505859375 5956.252453063956 110932
3330 96.6 3065.079086145752 9573.846870633486 64726.403076171875 43.18505859375 5905.947862714415 112119
3340 119 1955.3650130071567 6086.960746946648 64726.403076171875 43.18505859375 5881.6804599804955 113085
3350 134 4065.8643487275544 9626.528412962129 64726.403076171875 43.18505859375 5840.793867270819 114275
3360 123.9 3879.5593251866408 10247.301504819467 64726.403076171875 43.18505859375 5820.222094102563 115615
3370 116.8 3423.043819688772 9594.850548846669 64726.403076171875 43.18505859375 5799.645295955414 116854
3380 121.5 3251.1743845245 9111.8462512991 64726.403076171875 43.18505859375 5776.12535455229 118022
3390 118.9 4580.46740301724 11283.88477805637 64726.403076171875 43.18505859375 5750.396634200522 119237
3400 132.2 3898.6509982064345 10451.946209760814 64726.403076171875 43.18505859375 5738.845591602771 120426
3410 120.6 4451.932519409793 11614.190364000939 64726.403076171875 43.18505859375 5718.863848555903 121748
3420 120.2 5960.212115143381 11309.36160398802 64726.403076171875 43.18505859375 5706.4370939732935 122954
3430 153.7 3733.7193162728213 8899.062941132457 64726.403076171875 43.18505859375 5708.893983494915 124156
3440 117.9 2138.939071901174 7656.920669390425 64726.403076171875 43.18505859375 5684.741139155769 125693
3450 114.9 3269.22002722306 9485.089745274883 64726.403076171875 43.18505859375 5651.790601312169 126872
3460 108.5 2333.769269558249 7203.933008970567 64726.403076171875 43.18505859375 5630.406815920488 128021
3470 117.9 3106.8079903354283 8388.761554037992 64726.403076171875 43.18505859375 5602.702048227251 129106
3480 120.9 3642.276838102257 9087.304016193078 64726.403076171875 43.18505859375 5580.115725210369 130285
3490 124 3503.9097447549157 9219.768380228954 64726.403076171875 43.18505859375 5562.298583633463 131494
3500 116.2 5127.506461742612 11288.585906712493 64726.403076171875 43.18505859375 5543.069131042496 132734
3510 136.5 3945.1478311727337 10373.033481053595 64726.403076171875 43.18505859375 5539.46272142812 133896
3520 117.8 4547.296639978385 11798.154983736858 64726.403076171875 43.18505859375 5523.373532192505 135261
3530 147.4 6074.896379199084 13411.560226556656 64726.403076171875 43.18505859375 5514.946186792522 136439
3540 132.7 3198.042126492438 9148.575701977397 64726.403076171875 43.18505859375 5520.930877021922 137913
3550 30.2 15382.384956410386 18431.019605947768 64726.403076171875 43.18505859375 5498.793033213013 139240
3560 144.3 5769.705855382123 6370.526891158812 64726.403076171875 43.18505859375 5520.183329760329 139542
3570 162.8 2801.3751319679136 5292.241462196297 64726.403076171875 43.18505859375 5522.737225596568 140985
3580 136.7 3960.9265908253105 10190.217987981217 64726.403076171875 43.18505859375 5491.671491838583 142613
3590 116.4 2754.7073578195486 8891.077193993284 64726.403076171875 43.18505859375 5477.138026915087 143980
3600 119.4 4398.324662251686 11024.509890749805 64726.403076171875 43.18505859375 5455.305162319739 145144
3610 232.5 2462.8847516591104 8114.033375095248 64726.403076171875 43.18505859375 5446.681054315794 146338
3620 257.8 1798.392573295223 6674.274141907674 64726.403076171875 43.18505859375 5400.016272872686 148663
3630 244.5 1812.3918695679956 6573.7539074171755 64726.403076171875 43.18505859375 5338.624283283152 151241
3640 254.9 974.6860299841859 4834.955263057531 64726.403076171875 43.138916015625 5282.525235539483 153686
3650 223.5 142.94729675702644 1273.767437630852 64726.403076171875 43.138916015625 5212.242122696903 156235
3660 257.4 1529.8269225078307 6605.436883660947 64726.403076171875 43.138916015625 5140.746735961397 158470
3670 92.7 2311.3047923198133 6551.023328092033 64726.403076171875 43.138916015625 5083.032647887147 161044
3680 344.2 2812.4770527672854 4853.781073321906 64726.403076171875 43.138916015625 5067.1693654346645 161971
3690 289.2 2035.521207142008 6381.575807798653 64726.403076171875 43.138916015625 5020.2525515191855 165413
3700 150.5 1766.8673777836898 4911.566328209366 64726.403076171875 43.138916015625 4968.965643537017 168305
3710 288.5 3363.4214088056583 6363.146010065738 64726.403076171875 42.9609375 4940.5859374539905 169810
3720 275 684.5157472478703 3643.309392772231 64726.403076171875 42.9609375 4914.238216528946 172695
3730 238.7 1154.5856740285956 5263.388983098388 64726.403076171875 42.9609375 4847.939736717479 175445
3740 267.2 1809.6243280650606 6884.618252418874 64726.403076171875 42.9609375 4798.364653787306 177832
3750 235.4 1437.1879007473985 6157.53958837199 64726.403076171875 42.9609375 4754.122342534759 180504
3760 261.2 1936.1784082853808 7251.59443473908 64726.403076171875 42.9609375 4711.422194463757 182858
3770 220.3 302.57209551339787 2258.545746995604 64726.403076171875 42.9609375 4672.338047326764 185470
3780 191.3 834.6580253477443 2883.319615406522 64726.403076171875 42.9609375 4621.043538303917 187673
3790 259.7 997.8521567290683 4317.905284018865 64726.403076171875 42.9609375 4582.8373654520965 189586
3800 255 1534.3444052542911 5911.064210452032 64726.403076171875 42.9609375 4534.3928797949175 192183
3810 233.3 1989.179812448092 7255.194119170998 64726.403076171875 42.9609375 4495.107686170423 194733
3820 249.4 1633.656642445776 6490.958833010864 64726.403076171875 42.9609375 4465.44082466517 197066
3830 249.3 1397.8003387022711 6114.270610696202 64726.403076171875 42.9609375 4430.050617457036 199560
3840 208.4 1771.2023091673157 6575.1673558595985 64726.403076171875 42.9609375 4392.637661722969 202053
3850 254.5 2677.209185635134 7958.790651065503 64726.403076171875 42.9609375 4365.875872950106 204137
3860 197 3407.9737024607407 8635.366392742459 64726.403076171875 42.9609375 4345.082302541378 206682
3870 325.2 2372.6235213426307 8115.847702701766 64726.403076171875 42.9609375 4336.234537160942 208652
3880 253.5 1432.7895348904392 6299.319609781031 64726.403076171875 42.9609375 4306.0998392626425 211904
3890 239.3 2203.1224688136617 8427.412896869875 64726.403076171875 42.9609375 4272.1328760629285 214439
3900 226.5 1428.2246479632322 6226.218903828554 64726.403076171875 42.9609375 4249.298875986614 216832
3910 237.5 1391.9296559416118 5648.807291993411 64726.403076171875 42.9609375 4220.1349297597235 219097
3920 258.3 1706.9005235176514 6593.186517592945 64726.403076171875 42.9609375 4189.806095752183 221472
3930 247.3 1843.016981446497 7094.126968854968 64726.403076171875 42.9609375 4161.182119080911 224055
3940 238.6 1540.875046147285 6527.053277461347 64726.403076171875 42.9609375 4135.874773475203 226528
3950 252.8 1741.7085770232775 6941.032007185959 64726.403076171875 42.9609375 4108.826758284326 228914
3960 243.4 1581.8051348571028 6734.801224103964 64726.403076171875 42.9609375 4082.9711453781647 231442
3970 229.6 2544.094363435217 8348.013221313666 64726.403076171875 42.9609375 4056.9409495923283 233876
3980 214.1 2848.758824184086 8143.952372497818 64726.403076171875 42.9609375 4042.2334662250505 236172
3990 298.6 1126.609178281196 5510.139812298148 64726.403076171875 42.9609375 4031.511310032943 238313
4000 219.6 1401.5102933734267 6848.438575461816 64726.403076171875 42.9609375 3995.564050552337 241299
4010 236.9 1019.1865191091308 4909.110742662911 64726.403076171875 42.9609375 3972.1691469577463 243495
4020 245.3 1768.734304236044 6353.759603895435 64726.403076171875 42.9609375 3943.7159539511517 245864
4030 250.1 2851.084863417915 8228.999704272475 64726.403076171875 42.9609375 3922.2303932092327 248317
4040 230.9 1143.0800529602243 5308.783222364739 64726.403076171875 42.9609375 3911.549600881696 250818
4050 173.4 1983.1164224134002 6512.49850633897 64726.403076171875 42.9609375 3886.295889558326 253127
4060 326.3 2314.4925735010625 7936.818957640769 64726.403076171875 42.9609375 3873.3472108823835 254861
4070 263.8 1995.6164058427926 7253.305289954536 64726.403076171875 42.9609375 3853.6414001798717 258124
4080 256.6 839.6606100889633 4734.131375306392 64726.403076171875 42.9609375 3834.844681581835 260762
4090 211 948.690041723747 5602.562732318259 64726.403076171875 42.9609375 3805.658106939371 263328
4100 30.5 7599.4655745709515 5076.013782182637 64726.403076171875 42.9609375 3782.9477089646844 265438
4110 363.1 3666.0799403546516 5374.63473192112 64726.403076171875 42.9609375 3787.328023588249 265743
4120 315.1 1469.5314660152555 5226.908152412302 64726.403076171875 42.928955078125 3785.693672128118 269374
4130 160.5 2031.955473009151 4647.515912015229 64726.403076171875 42.928955078125 3758.913644198711 272525
4140 288.5 2775.7321987211562 5189.4273548124465 64726.403076171875 42.928955078125 3748.802500344484 274130
4150 310.9 1071.545663013379 3720.806446910986 64726.403076171875 42.928955078125 3738.668363853019 277015
4160 244.3 2719.754339866934 8527.407884722423 64726.403076171875 42.928955078125 3709.066885661538 280124
4170 253.4 1075.73975698084 5490.472032055792 64726.403076171875 42.928955078125 3700.5135494638353 282567
4180 259.8 1233.4992059321478 5452.142629707403 64726.403076171875 42.928955078125 3677.1843545814886 285101
4190 224 1224.7418634687194 5774.822208751615 64726.403076171875 42.928955078125 3655.1172149105446 287699
4200 231.7 1266.735287919454 5412.666534383224 64726.403076171875 42.928955078125 3636.340710931329 289939
4210 30.5 8075.429434554303 9353.69702459809 64726.403076171875 42.928955078125 3617.5545242829157 292256
4220 16.6 26532.493209655015 4012.2359028245164 64726.403076171875 42.928955078125 3622.2019374638685 292561
4230 4 35855.40394897461 9557.8494918149 64726.403076171875 42.928955078125 3635.1939346188415 292727
4240 3.7 43182.70152818834 6626.980566484031 64726.403076171875 42.928955078125 3639.5960987991425 292767
4250 5.4 53689.5870135272 5750.812840239934 64726.403076171875 42.928955078125 3644.5929393507995 292804
4260 2.9 58137.67583176185 2340.145694634586 64726.403076171875 42.928955078125 3653.820721006092 292858
4261 0.1 60047.4990234375 0.0 64726.403076171875 42.928955078125 3659.2154015423116 292887
