10 3 1954.4635091145833 716.160685512642 3396.611083984375 1026.927978515625 0 0
20 3.5 3529.8478376116072 2009.9455757265732 7139.130859375 1026.927978515625 1954.4635091145833 30
30 3.4 5069.313182157629 2516.7887873275854 9164.363037109375 1026.927978515625 2802.7473783052883 65
40 3.7 6078.854954075169 3696.850615384314 11779.73681640625 1026.927978515625 3581.1639170020517 99
50 3.5 8248.043519810268 3485.3348353587285 12963.251953125 1026.927978515625 4260.68280208812 136
60 3.4 8500.259406594669 4220.1411331819745 13438.489990234375 1026.927978515625 5076.8092647797885 171
70 3.4 8616.182502297794 3755.8483574667525 13538.10107421875 1026.927978515625 5644.600995617378 205
80 3.4 9838.065070657169 1867.0122189621434 16287.12109375 1026.927978515625 6067.336440082375 239
90 3.8 9670.621607730263 3470.0780588041 16287.12109375 1026.927978515625 6536.950994805975 273
100 3.1 10683.558562247987 6611.464011716472 27389.637939453125 1026.927978515625 6919.843224037882 311
110 3.8 14794.093904194078 11364.132036274917 34322.863037109375 47.52099609375 7260.998707910728 342
120 3.8 14701.673089278373 11459.80195001939 34322.863037109375 47.302001953125 8014.3082275390625 380
130 2.9 14330.46555933459 11244.670733134024 34322.863037109375 47.302001953125 8622.250487697182 418
140 6.3 19602.670766679068 13124.80333434106 41469.529052734375 47.302001953125 8992.582114268736 447
150 5.6 12994.275037493024 12988.587673590366 48809.442138671875 47.302001953125 10303.240124272364 510
160 3.1 15578.31140530494 14765.666643227909 48809.442138671875 47.302001953125 10569.490928407271 566
170 4.1 10822.803824075838 9843.587141456843 48809.442138671875 47.302001953125 10829.58043390782 597
180 3.2 10560.51177215576 9486.420744022087 48809.442138671875 47.302001953125 10829.14494644213 638
190 3.6 9631.751654730904 10885.088865437 48809.442138671875 47.302001953125 10816.314705282182 670
200 8.3 13828.5683152532 9570.081606660777 48809.442138671875 47.302001953125 10755.912056812145 706
210 5.6 1861.2917218889509 1019.7886727410867 48809.442138671875 47.302001953125 11079.144590970076 789
220 4 1479.874426269531 516.9770402763946 48809.442138671875 47.302001953125 10468.257300238074 845
230 4.5 3017.360405815973 1896.500223115733 48809.442138671875 47.302001953125 10062.002707064354 885
240 4.7 1745.308214552859 1030.9808775740098 48809.442138671875 47.302001953125 9721.13291829427 930
250 4.2 1383.7345900762646 724.323690420641 48809.442138671875 47.302001953125 9337.444319444889 977
260 4.4 1150.185036399148 189.6886902566255 48809.442138671875 47.302001953125 9009.617225594562 1019
270 3.8 1201.6471653988488 405.98368271717163 48809.442138671875 47.302001953125 8684.297360754865 1063
280 3 1271.0750325520833 301.21465817194206 48809.442138671875 47.302001953125 8426.040587436493 1101
290 4.1 1177.6426257621947 232.38045426087552 48809.442138671875 47.302001953125 8236.253702691549 1131
300 4.3 1075.7490234375002 124.62720206627306 48809.442138671875 47.302001953125 7989.322769112963 1172
310 3.4 1064.8585205078125 65.37213375557734 48809.442138671875 47.302001953125 7744.644850541733 1215
320 5.9 1224.4964289261122 311.4154716028572 48809.442138671875 47.302001953125 7562.809193839448 1249
330 4.6 1420.6943624745247 607.2443082303747 48809.442138671875 47.302001953125 7276.906706737088 1308
340 3.6 1168.166456434462 242.28831774900706 48809.442138671875 47.302001953125 7077.951191348552 1354
350 4 1299.1628601074217 739.1952432990056 48809.442138671875 47.302001953125 6924.892018357971 1390
360 3.3 1151.0778660629735 279.4694752445036 48809.442138671875 47.302001953125 6767.5289649803335 1430
370 3.2 1114.8793106079102 232.0304934468411 48809.442138671875 47.302001953125 6640.842098087461 1463
380 3 1074.7609049479167 110.90371083563507 48809.442138671875 47.302001953125 6522.5606203621455 1495
390 4 1156.3540161132812 168.16065259170455 48809.442138671875 47.302001953125 6415.390789894981 1525
400 3.6 1131.4208306206597 221.364107452065 48809.442138671875 47.302001953125 6280.974514526758 1565
410 3.9 1150.1101888020833 208.63513420867125 48809.442138671875 47.302001953125 6165.181927006071 1601
420 4.5 1170.4179578993053 260.44720298187565 48809.442138671875 47.302001953125 6045.921074695123 1640
430 3.5 1135.854317801339 170.9577506801818 48809.442138671875 47.302001953125 5915.714760003247 1685
440 3.2 1169.0194854736333 278.90888228385376 48809.442138671875 47.302001953125 5818.450157981696 1720
450 3.2 1245.335708618164 256.5135818606687 48809.442138671875 47.302001953125 5733.529049808033 1752
460 5.4 1663.9077374493634 1160.5400893888102 48809.442138671875 47.302001953125 5653.023339652161 1784
470 3.4 1068.1288847081805 81.72400435472788 48809.442138671875 47.302001953125 5535.8240782163875 1838
480 4.3 1404.1324491279067 1229.4193073134002 48809.442138671875 47.302001953125 5454.680041582157 1872
490 3.5 1122.8261509486615 198.33537386653492 48809.442138671875 47.302001953125 5363.727797991801 1915
500 4.5 1467.4188530815973 1336.4850514118186 48809.442138671875 47.302001953125 5287.60905048077 1950
510 4.1 1208.8002393769057 337.5563977035392 48809.442138671875 47.302001953125 5201.439346780037 1995
520 3.3 1192.2324218750002 340.1778184496725 48809.442138671875 47.302001953125 5121.037478703648 2036
530 3.4 1195.9383975758271 267.0084918655044 48809.442138671875 47.302001953125 5058.374082437169 2069
540 4.4 1204.3246404474432 338.7165360853088 48809.442138671875 47.302001953125 4995.928617251583 2103
550 4.5 1193.527935112847 273.6086118152168 48809.442138671875 47.302001953125 4918.224576739529 2147
560 3.1 1176.986343876008 232.81235373096564 48809.442138671875 47.302001953125 4841.7595453192735 2192
570 3.5 1268.3519601004464 769.2042268859897 48809.442138671875 47.302001953125 4790.653846153848 2223
580 3.9 1124.953707181491 188.72282025834815 48809.442138671875 47.302001953125 4736.056606998902 2258
590 3.5 1239.1549734933033 755.6302501473315 48809.442138671875 47.302001953125 4674.744890371614 2297
600 4.9 1146.5466009646043 212.85713908247516 48809.442138671875 47.302001953125 4623.181576867866 2332
610 7 1377.6842703683035 552.8087977183901 48809.442138671875 47.302001953125 4551.633860018113 2381
620 7.5 1505.7965559895833 629.016208163836 48809.442138671875 47.302001953125 4460.986584915916 2451
630 8.9 1759.4698225728582 870.481271936055 48809.442138671875 47.302001953125 4373.2434130356805 2526
640 7.6 1841.3686812551398 1261.0992430744768 48809.442138671875 47.302001953125 4284.2851531690685 2615
650 7.1 1425.0620736135563 508.8826842143052 48809.442138671875 47.302001953125 4215.291599893165 2691
660 7 1625.9677315848212 687.8429620691738 48809.442138671875 47.302001953125 4143.565931404442 2762
670 7.2 1316.6769137912327 391.1955432084927 48809.442138671875 47.302001953125 4081.3371623411044 2832
680 7.6 1523.5815172697367 632.8610051132516 48809.442138671875 47.302001953125 4012.7918669225123 2904
690 7.8 1659.7009840745195 663.6618988324091 48809.442138671875 47.302001953125 3949.308649951502 2980
700 7.6 1819.4019068667762 933.6673779992291 48809.442138671875 47.302001953125 3890.9079312012063 3058
710 7 1396.653857421875 802.8806232841008 48809.442138671875 47.302001953125 3840.6735796219414 3134
720 6.4 1466.0683135986328 761.6500934484305 48809.442138671875 47.302001953125 3787.277393431553 3204
730 8.5 1640.5460506663605 748.9346266625424 48809.442138671875 47.302001953125 3741.8191984776645 3268
740 8.4 1563.2825811476937 641.1567297571771 48809.442138671875 47.302001953125 3688.5510154881144 3353
750 7.3 1361.6659654591183 439.5131250738913 48809.442138671875 47.302001953125 3636.6096280907927 3437
760 7.5 1450.3752083333336 1121.365206714596 48809.442138671875 47.302001953125 3589.2959849648346 3510
770 7 1214.0339111328126 316.20574926275515 48809.442138671875 47.302001953125 3544.5486883825856 3585
780 7.3 1366.9763885916095 632.0121246802844 48809.442138671875 47.302001953125 3499.9150264379937 3655
790 7.1 1252.3797624614876 394.7812907219355 48809.442138671875 47.302001953125 3458.1487923814525 3728
800 7.6 1465.2120007966694 670.0715400171056 48809.442138671875 47.302001953125 3416.9248910589154 3799
810 7.2 1236.9282260470916 314.25331587247587 48809.442138671875 47.302001953125 3378.6461350176432 3875
820 5.7 1293.81572950932 442.2794321851498 48809.442138671875 47.302001953125 3339.5775539571214 3947
830 8.8 1357.798101251776 504.31746294879025 48809.442138671875 47.302001953125 3310.4545709417553 4004
840 7.4 1369.8456107474665 467.3465865015062 48809.442138671875 47.302001953125 3268.461958690358 4092
850 7.6 1366.7803987201896 539.2187828034016 48809.442138671875 47.302001953125 3234.7371363793227 4166
860 9.6 1364.7296574910486 439.2175993287382 48809.442138671875 47.302001953125 3201.2706790332372 4242
870 9.3 1613.3827442456318 661.3018094786014 48809.442138671875 47.302001953125 3160.6280008248345 4338
880 10.5 1682.107668340774 747.6289016750738 48809.442138671875 47.302001953125 3128.1536589467337 4431
890 9 1748.0743462456596 737.211895284311 48809.442138671875 47.302001953125 3094.6803721271513 4536
900 8.2 1299.8372653868141 405.1871270960458 48809.442138671875 47.302001953125 3068.481811312336 4626
910 6.4 1342.016860961914 681.3586369490125 48809.442138671875 47.302001953125 3037.677042245664 4708
920 7.9 1373.4817728935916 777.8986550268775 48809.442138671875 47.302001953125 3014.9355813064017 4772
930 8.6 1349.1271773937137 491.3032700326973 48809.442138671875 47.302001953125 2988.2040103180257 4851
940 7.8 1485.9607809995998 589.4624068715806 48809.442138671875 47.302001953125 2959.6521351647966 4937
950 7 1199.5854492187498 315.7976709818923 48809.442138671875 47.302001953125 2936.731312507791 5015
960 7 1169.7379882812502 242.57460759819753 48809.442138671875 47.302001953125 2912.8178001321303 5085
970 6.8 1475.2939740349266 544.4435120396384 48809.442138671875 47.302001953125 2889.1484331428846 5155
980 7.8 1299.1876721504404 414.7707961543371 48809.442138671875 47.302001953125 2870.7409846995874 5223
990 7.8 1127.4350617237583 223.34862371004508 48809.442138671875 47.302001953125 2847.616827299317 5301
1000 9.5 1529.496137438322 687.0597808481781 48809.442138671875 47.302001953125 2822.67275261724 5379
1010 7.7 1444.9230639965504 753.0997692980552 48809.442138671875 47.302001953125 2800.229972485344 5474
1020 9.5 1723.3794819078948 907.1258195544816 48809.442138671875 47.302001953125 2781.4300027585136 5551
1030 7.5 1429.694873046875 657.8022764236556 48809.442138671875 47.302001953125 2763.627168985788 5646
1040 9.6 1492.6638031005866 544.4269906856374 48809.442138671875 47.302001953125 2746.1398551952934 5721
1050 8.5 1363.9735093060663 630.6647319255895 48809.442138671875 47.302001953125 2725.453298378877 5817
1060 5 1062.6803710937495 91.64574754516845 48809.442138671875 47.302001953125 2705.8454057880285 5902
1070 8.8 1347.8580433238637 408.62535273952705 48809.442138671875 47.302001953125 2692.041936074535 5952
1080 7.9 1326.4142170193825 438.31844480269115 48809.442138671875 47.302001953125 2672.4577998887635 6040
1090 7 1259.333224051339 310.05997251121363 48809.442138671875 47.302001953125 2655.0795611166304 6119
1100 7.2 1288.9271477593315 418.41148836543226 48809.442138671875 47.302001953125 2639.2931265400316 6189
1110 7.1 1399.5511388644366 603.7952850062799 48809.442138671875 47.302001953125 2623.764241302496 6261
1120 9.8 1487.99899603396 600.9339032369512 48809.442138671875 47.302001953125 2610.037278214514 6332
1130 7.7 1383.8038536170861 675.3813764917663 48809.442138671875 47.302001953125 2592.9362281906115 6430
1140 6.6 1394.4063979640152 676.3497356910899 48809.442138671875 47.302001953125 2578.6280688480324 6507
1150 7.4 1738.7522929423567 982.1568046740379 48809.442138671875 47.302001953125 2566.7372077072528 6573
1160 8.9 1433.6127051878511 630.7128453297955 48809.442138671875 47.302001953125 2557.5193825692054 6647
1170 8.9 1471.1921743328649 914.5701305886547 48809.442138671875 47.302001953125 2542.669665483852 6736
1180 8.8 1327.923226096413 373.3696567449792 48809.442138671875 47.302001953125 2528.697285013165 6825
1190 7.6 1326.6005473889802 419.3502238735189 48809.442138671875 47.302001953125 2513.4118637510974 6913
1200 6.8 1333.9614186006438 392.3004007952185 48809.442138671875 47.302001953125 2500.506203421505 6989
1210 12 1828.8344563802082 953.147766739613 48809.442138671875 47.302001953125 2489.2655848345958 7057
1220 13 3010.5702092097345 1428.035418817044 48809.442138671875 47.302001953125 2478.2231248353582 7177
1230 13.8 3585.075204158174 1555.4773941498615 48809.442138671875 47.302001953125 2487.6941965431274 7307
1240 13.7 4342.688831190127 2161.5879120894165 48809.442138671875 47.302001953125 2508.0351742531175 7445
1250 13.4 4889.672042618937 1567.572971401185 48809.442138671875 47.302001953125 2541.185734923174 7582
1260 13.9 5675.119918713465 2412.734780039971 48809.442138671875 47.302001953125 2581.9707485612294 7716
1270 13.6 6959.30298390108 3202.2826748851176 48809.442138671875 47.302001953125 2636.706297211918 7855
1280 14.6 7446.0447279002565 3804.090304892041 48809.442138671875 47.302001953125 2710.273203655383 7991
1290 15.3 7930.025006063624 3697.4936494460335 48809.442138671875 47.302001953125 2795.2458769428044 8137
1300 14.5 8225.2308475889 3844.113172241732 48809.442138671875 47.302001953125 2890.0132118952156 8290
1310 12.4 9354.327579621342 4852.23566230691 48809.442138671875 47.302001953125 2981.7270894501157 8435
1320 10.7 10109.539943231603 4166.863928714504 48809.442138671875 47.302001953125 3074.051246569082 8559
1330 11 12801.508529385654 5874.032424363996 48809.442138671875 47.302001953125 3160.9191545477215 8666
1340 15.4 7141.757367022625 9864.538735306498 48809.442138671875 46.997802734375 3281.756076976182 8776
1350 22.4 11703.404835292275 12860.74900569471 48809.442138671875 46.947021484375 3348.3227285626494 8930
1360 28.9 11521.039711288928 11905.761191414022 48809.442138671875 46.79296875 3552.7730663283733 9154
1370 16.7 4201.504555342435 10265.571658663746 48809.442138671875 46.744140625 3796.639322856341 9443
1380 12.6 12259.495516338044 12149.374098790635 48809.442138671875 45.84912109375 3803.6749621721765 9610
1390 19 6245.306622635693 4272.420649841142 48809.442138671875 45.70703125 3913.107315276624 9736
1400 21.5 3961.0499795603187 5656.441755648992 48809.442138671875 45.43701171875 3957.7494539425743 9926
1410 15.9 3135.3958579009445 6591.6302187103765 48809.442138671875 45.43701171875 3957.8194286006765 10141
1420 12.1 191.71580215327995 432.87585457529246 48809.442138671875 45.43701171875 3945.123763771428 10300
1430 6.9 4242.517241989357 2332.864875381697 48809.442138671875 45.43701171875 3901.5423067753823 10421
1440 9 7187.700309244791 5449.952835862157 48809.442138671875 45.43701171875 3903.7851352338917 10490
1450 9 11044.149506293405 7951.9938147542825 48809.442138671875 45.43701171875 3931.7201414400333 10580
1460 15.1 9504.44370860927 10169.99100011128 48809.442138671875 45.43701171875 3991.7125165887496 10670
1470 15.6 13197.219244541264 12937.620893630965 48809.442138671875 45.43701171875 4068.6390862214175 10821
1480 14.1 12435.538423578791 13369.555755405292 48809.442138671875 45.43701171875 4198.370206263132 10977
1490 12.2 16834.923173748077 16089.602699448493 48809.442138671875 45.43701171875 4302.835102705074 11118
1500 15 16001.08138671875 17034.213569406704 60049.635986328125 45.43701171875 4438.859546180808 11240
1510 16.1 24272.754367236015 18999.846563119056 60119.958984375 45.43701171875 4591.127612561904 11390
1520 14.1 25516.198638699578 20699.083277475984 60119.958984375 45.43701171875 4865.453810077491 11551
1530 12.8 19234.5764541626 20301.737722742477 60119.958984375 45.43701171875 5114.492043128783 11692
1540 16 15481.999453735352 18625.932167990843 60121.02197265625 45.43701171875 5267.399894618828 11820
1550 19.4 22224.47508884705 19813.75471226279 60121.02197265625 45.43701171875 5403.821925458447 11980
1560 18.3 24436.484759221312 20959.533796820542 60121.02197265625 45.43701171875 5671.869133746388 12174
1570 15.7 21543.576535753386 20357.512474462503 60121.02197265625 45.43701171875 5949.762203218097 12357
1580 17.1 18126.886180498448 20838.052988532585 60121.02197265625 45.43701171875 6145.401395339564 12514
1590 15.8 24669.660882491113 22194.066864689947 60121.56103515625 45.43701171875 6306.917666389007 12685
1600 14.5 17958.23917530982 19961.921839934912 60218.371826171875 45.43701171875 6532.82387429558 12843
1610 11.1 15975.57190271327 16300.521393998859 60218.371826171875 45.43701171875 6660.378941946263 12988
1620 15.2 24080.483791953637 21392.53027465878 60218.371826171875 45.43701171875 6739.315228582276 13099
1630 21.3 20134.877841430072 19409.00352688676 60218.371826171875 45.43701171875 6938.23286661959 13251
1640 16.8 20541.943854922345 19725.484590112294 60218.371826171875 45.43701171875 7147.0033196524655 13464
1650 18.5 17804.165990551104 21033.30638002481 60218.371826171875 45.43701171875 7312.081812164594 13632
1660 19.3 16250.85451875203 19899.331270954728 60218.371826171875 45.43701171875 7452.56350667147 13817
1670 12.5 18984.67833007813 18970.25735816554 60218.371826171875 45.43701171875 7573.767658372509 14010
1680 12.5 24050.74722851563 21654.90368632402 60218.371826171875 45.43701171875 7674.677727984337 14135
1690 15.3 21178.254748774507 20062.417142482554 60218.371826171875 45.43701171875 7818.2267243073675 14260
1700 20.3 18168.590093903953 20353.976419652998 60218.371826171875 45.43701171875 7960.048988079204 14413
1710 19.9 19775.855415995997 20586.057885787926 60218.371826171875 45.43701171875 8101.834281215658 14616
1720 13.9 21938.79594059128 21466.627801690323 60218.371826171875 45.43701171875 8258.643609991985 14815
1730 13.1 21058.345790717438 20634.69067254081 60218.371826171875 45.43701171875 8385.802976980971 14954
1740 16.5 25286.048640210694 19111.4017688663 60218.371826171875 45.43701171875 8495.852901316368 15085
1750 15.1 19271.362003958002 15742.048656075212 60218.371826171875 45.43701171875 8677.517314228995 15250
1760 12 19295.300162760417 11823.569437561257 60218.371826171875 45.43701171875 8781.385280474635 15401
1770 12.7 23421.238371601263 15478.553877607079 60218.371826171875 45.43701171875 8862.673199157342 15521
1780 13.3 17805.050283790526 11722.814810294818 60218.371826171875 45.43701171875 8980.831288171936 15648
1790 22.3 17792.813981265765 13964.067722199046 60218.371826171875 45.43701171875 9055.200537675597 15781
1800 32.8 11754.140622767009 11657.189427632677 60218.371826171875 45.43701171875 9176.95058753317 16004
1810 15.8 12766.539702210239 12773.85214778943 60218.371826171875 45.43701171875 9228.70899627409 16332
1820 43.8 4619.398577964471 4367.368298354634 60218.371826171875 45.43701171875 9262.606949672387 16490
1830 18 8787.118857150606 7924.9432409181145 60218.371826171875 45.43701171875 9142.467224553762 16928
1840 59.6 5147.277838175732 6472.854222289022 60218.371826171875 45.25 9138.72846455069 17108
1850 33.3 989.4848940737605 5369.951433652423 60218.371826171875 45.25 9004.35744256021 17704
1860 17.7 849.4929640602927 1836.3853073669563 60218.371826171875 45.25 8856.386462982342 18037
1870 15.1 3525.129476989342 5115.36312622486 60218.371826171875 45.25 8778.577077382846 18214
1880 29.2 4493.1309028520955 7260.503765366267 60218.371826171875 45.25 8735.382381621375 18365
1890 31 7605.352418567289 11634.501864087624 60218.371826171875 45.25 8668.987064485682 18657
1900 41 9373.59323670923 13296.892619279932 60218.371826171875 45.25 8651.602831858767 18967
1910 28.2 6601.78740459469 11968.813761140818 60218.371826171875 45.25 8666.879503479176 19377
1920 31.6 7695.550347823131 15343.313626603325 60218.371826171875 45.25 8637.256634976942 19659
1930 25.5 7880.440269799326 15904.055336990583 60218.371826171875 45.25 8622.359053663271 19975
1940 22.7 11422.865608652257 16165.785169840578 60218.371826171875 45.25 8613.007136219607 20230
1950 37.8 11166.00042886077 15006.802817579019 61085.52685546875 45.25 8644.186579600466 20457
1960 42.5 9870.733625919134 15879.534360562051 61085.52685546875 45.25 8689.938709911019 20835
1970 35.3 10717.508503424884 16163.809688695601 61085.52685546875 45.25 8713.543500094625 21260
1980 31.9 10283.354352897235 17022.211710362164 61085.52685546875 45.25 8746.273784931325 21613
1990 23.8 6648.229108537947 12751.296170315976 61085.52685546875 45.25 8768.630555913503 21932
2000 27.5 11140.812479580969 17237.360193863304 61085.52685546875 45.25 8745.867563379656 22170
2010 26.7 11830.205499656186 16339.890016551348 61085.52685546875 45.25 8775.21084036586 22445
2020 32 10352.195817565918 13965.432736167926 61085.52685546875 45.25 8811.125051973404 22712
2030 35.9 11139.963415629349 16097.054575136131 61085.52685546875 45.25 8832.536247049367 23032
2040 31.4 8268.261136389077 14587.343062663223 61085.52685546875 45.25 8867.950139295112 23391
2050 24.5 15292.442717633929 19505.353951345092 61085.52685546875 45.25 8860.00656844877 23705
2060 28.2 11817.218189861756 18002.019276007435 61085.52685546875 45.25 8925.808107344403 23950
2070 30.3 11816.498700333897 17349.30347234629 61085.52685546875 45.25 8959.456904111896 24232
2080 39 14970.269506209932 19711.229400218923 61085.52685546875 45.25 8994.740526050158 24535
2090 32.9 12732.45727242235 18548.222685093726 61085.52685546875 45.25 9088.239274385656 24925
2100 29.7 11189.204362143573 17603.472330490953 61085.52685546875 45.25 9135.714831578736 25254
2110 31.4 10733.90040773039 17745.568292505333 61085.52685546875 45.25 9159.584206185513 25551
2120 33.8 13343.993830031888 19243.39397065236 61085.52685546875 45.25 9178.69633791894 25865
2130 35 11697.518007114953 16279.1660794534 61085.52685546875 45.25 9232.425702966231 26203
2140 25.8 11998.171895818192 15809.434494786914 61085.52685546875 45.25 9264.918540176794 26553
2150 32.6 11812.161230169188 16062.060164839002 61085.52685546875 45.25 9291.220407535544 26811
2160 33.8 9669.25061396311 14320.025602389347 61085.52685546875 45.25 9321.504768672683 27137
2170 29 14205.764186254039 19348.225510828303 61085.52685546875 45.25 9325.78277033631 27475
2180 27.6 13840.484819937443 16427.85935072686 61085.52685546875 45.25 9376.75322272659 27765
2190 32.8 10512.50654564835 13891.394700372444 61085.52685546875 45.25 9420.688528915034 28041
2200 43.2 12087.36285682961 17370.77824151827 61279.0 45.25 9433.31203730407 28369
2210 40.2 8952.0369672633 14476.313069232729 61279.0 45.25 9473.121417326814 28801
2220 34.1 13905.24617966459 16847.807569265464 61279.0 45.25 9465.948320421512 29203
2230 54.2 9999.652725276028 14486.504731310739 61279.0 45.25 9517.187169934166 29544
2240 26.8 2184.388738375991 8167.99121466018 61279.0 45.25 9525.878798299364 30086
2250 29.9 345.05838961904277 997.1011509432446 61279.0 45.25 9461.059685956361 30354
2260 15.4 3083.9438730215106 8738.001752619897 61279.0 45.25 9372.139045640411 30653
2270 40.8 4715.1436875287245 9237.369092869269 61880.625 45.25 9340.70521383 30807
2280 36.3 4315.4838282057035 9787.757997825316 61880.625 45.25 9280.246168411742 31215
2290 12.1 5692.379299699767 11464.78750647427 61880.625 45.25 9223.174513161417 31578
2300 25.2 3587.847570025732 8743.335956836489 61880.625 45.25 9209.696920151262 31699
2310 29.6 4870.752879374738 9728.952905209575 61880.625 45.25 9165.356960956507 31951
2320 36.5 8894.281577081545 13929.35306384248 61880.625 45.25 9125.936152566635 32247
2330 30.3 7678.413671713851 13838.239342928176 61880.625 45.25 9123.34342841442 32612
2340 16.7 11372.996915348991 17727.027826057787 61880.625 45.25 9110.042085067002 32915
2350 32.6 11963.396530057755 18065.742739960366 61880.625 45.25 9121.465622236976 33082
2360 37.6 10759.425639700381 16050.211755632032 61880.625 45.25 9149.197586914584 33408
2370 30.5 11058.877432601172 16612.73637475319 61880.625 45.25 9167.118666355962 33784
2380 42.2 10903.760959715635 16816.882556875455 61880.625 45.25 9184.044549300746 34089
2390 41 7915.67456233327 14284.15208333068 61880.625 45.25 9205.07321625317 34511
2400 28.5 10868.8395876165 16920.44121903254 61880.625 45.25 9189.934662142257 34921
2410 65.6 5940.197128295895 14009.71606655886 61880.625 45.25 9203.525751836063 35206
2420 50.7 5642.429186698718 12642.468678472089 61880.625 45.25 9143.83182575714 35862
2430 61.5 4519.428592638459 11076.389481531593 61880.625 45.25 9095.020719100301 36369
2440 48.2 4775.131483909 11035.288491548918 61880.625 45.25 9018.93405573847 36984
2450 65.2 6802.404833460144 13377.027150105145 61880.625 45.25 8964.337545846252 37466
2460 59.4 7024.661730422715 13110.889034271593 61880.625 45.25 8927.358162655222 38118
2470 62.4 8036.6284766564 13623.092839157014 61880.625 45.25 8898.163037610117 38712
2480 67.3 8171.787957881569 15114.06889046897 61880.625 45.25 8884.496229443675 39336
2490 75.1 7613.179560065746 14807.718919286073 61880.625 45.25 8872.50761021397 40009
2500 67.3 6660.154403527814 13740.841179026755 61880.625 45.25 8849.30458357851 40760
2510 67.7 6993.159554733658 14815.373629005058 61880.625 45.25 8813.746017431378 41433
2520 58.9 6959.1408960831395 14683.123847068833 61880.625 45.25 8784.476555658728 42110
2530 63.5 5310.240991403169 12756.600978485008 61880.625 45.25 8759.297448337948 42699
2540 70.8 5162.206201240838 12183.315305800916 61880.625 45.25 8708.756283198483 43334
2550 59.3 4859.269602886537 11850.814017202953 61880.625 45.25 8651.743489546378 44042
2560 55.4 4303.595170775047 11047.051966568219 61880.625 45.25 8601.358432645084 44635
2570 46.6 5297.741683501541 11456.890486746099 61880.625 45.25 8548.66948517831 45189
2580 75.9 7180.86445595562 11664.673639831795 61880.625 45.25 8515.487306762334 45655
2590 58.7 4808.020551483311 11084.025617433219 61880.625 45.25 8493.662453404246 46414
2600 66.9 5943.621280231103 12180.646516910276 61880.625 45.25 8447.632117955478 47001
2610 67.5 7072.620789207176 13239.17690001929 61880.625 45.25 8412.49087083071 47670
2620 44.7 5627.152532180678 12213.784972604582 61880.625 45.25 8393.783407699137 48345
2630 77.6 5720.660937751687 11490.125581084954 61880.625 45.25 8368.43736733685 48792
2640 76 5164.581755306843 11498.527353730187 61880.625 45.25 8326.985735046703 49568
2650 60.7 10046.917426975007 14977.887263084398 63309.034912109375 45.25 8279.230469099273 50328
2660 74.7 3753.876981885877 8441.127295112654 63309.034912109375 45.25 8300.29625850598 50935
2670 60.4 3020.9520021148082 8379.3180793274 63309.034912109375 45.25 8234.583337186465 51682
2680 44.7 6394.455169882554 13860.393955118914 63309.034912109375 45.25 8174.356252950087 52286
2690 82.2 3398.3311657685135 6360.490668781647 63309.034912109375 45.25 8159.268626906979 52733
2700 71 3447.7908708599257 9072.710045998101 63309.034912109375 45.25 8086.194393071561 53555
2710 49.2 2689.0531263894186 8397.183688082969 63309.034912109375 45.25 8025.50580004161 54265
2720 64.9 2401.8030195192127 6545.21986034462 63309.034912109375 45.25 7977.556958515653 54757
2730 58.9 2073.049050297116 5656.222176284349 63309.034912109375 45.25 7912.245181697101 55406
2740 69.5 2382.931456553511 6998.456826715507 63309.034912109375 45.25 7850.823866911948 55995
2750 67.1 4216.527076687083 10121.754916410013 63309.034912109375 45.25 7783.7893771395175 56690
2760 31.8 4356.063614755305 8916.8494708712 63309.034912109375 45.25 7742.060101087782 57361
2770 67.2 2950.9735982985744 6937.6314637621745 63309.034912109375 45.25 7723.392182388538 57679
2780 62.3 5498.147838316986 11130.877163643478 63309.034912109375 45.218017578125 7668.430565817983 58351
2790 56.8 7016.61823369416 13164.560079923102 63309.034912109375 45.218017578125 7645.503748250358 58974
2800 69.9 5820.4873235481455 11250.881761158287 63309.034912109375 45.218017578125 7639.504504485151 59542
2810 58 5866.591703428075 12171.651360313683 63309.034912109375 45.218017578125 7618.39773319193 60241
2820 63.5 7751.198309085876 14422.362265070124 63309.034912109375 45.218017578125 7601.69219567589 60821
2830 63.3 5770.543202477049 12112.182517343195 63309.034912109375 45.218017578125 7603.236981897176 61456
2840 61 7607.153478403564 14540.67063521394 63309.034912109375 45.218017578125 7584.552590742978 62089
2850 65.9 7001.896996366414 13723.849104883335 63309.034912109375 45.218017578125 7584.772475294135 62699
2860 66.9 5539.375075176335 12735.43506973629 63309.034912109375 45.218017578125 7578.709863775252 63358
2870 58.6 7927.170622633587 15854.465100916623 63309.034912109375 45.218017578125 7557.401431807915 64027
2880 54.3 5557.7445102080455 12195.996999972253 63309.034912109375 45.218017578125 7560.755009970574 64613
2890 56.2 5810.953747949568 12365.080932213152 63309.034912109375 45.218017578125 7544.062231080356 65156
2900 59.6 6787.409769147835 12834.661294816888 63309.034912109375 45.218017578125 7529.241223631567 65718
2910 65.5 5946.653431759901 11936.351114437075 63309.034912109375 45.218017578125 7522.573980713446 66314
2920 63.3 6297.156780706951 12846.596504682577 63309.034912109375 45.218017578125 7507.160461629025 66969
2930 67.8 7969.313191011586 14130.521029951255 63309.034912109375 45.218017578125 7495.830436925264 67602
2940 56.5 5821.51237036781 12423.554506573015 63309.034912109375 45.218017578125 7500.531979211007 68280
2950 68.6 5859.112906141808 13457.397556771404 63309.034912109375 45.218017578125 7486.75253148065 68845
2960 57.8 10446.9821135313 18130.122558538824 63309.034912109375 45.218017578125 7470.69407147026 69531
2970 80.6 7164.117593391364 12827.798520234805 63309.034912109375 45.218017578125 7495.231498737961 70109
2980 68.9 3674.759981064041 10193.742260571062 63309.034912109375 45.218017578125 7491.468150959503 70915
2990 58.7 5592.027810403799 11653.796165412014 64728.447021484375 45.218017578125 7454.742382440175 71604
3000 41.5 4535.555178134415 8575.513741597733 64728.447021484375 45.218017578125 7439.596263757992 72191
3010 113.6 2807.8769118617956 7399.730689971778 64728.447021484375 45.218017578125 7422.997400709019 72606
3020 121.2 3552.252064519194 9949.74720946249 64728.447021484375 45.218017578125 7351.901188573052 73742
3030 84.8 4246.531444909434 9797.286401442088 64728.447021484375 45.218017578125 7290.461175520336 74954
3040 165.3 4155.538655008175 9437.180708426882 64728.447021484375 45.218017578125 7256.408612110953 75802
3050 138.2 4984.25884947936 10618.81766531064 64728.447021484375 45.218017578125 7190.231631424221 77455
3060 143.6 2915.763554735104 9006.41908833518 64728.447021484375 45.218017578125 7151.561281402685 78837
3070 117.8 2081.4324186418994 8302.54066564255 64728.447021484375 45.218017578125 7075.787290951417 80273
3080 113.6 1908.6667310687849 6917.954341852148 64728.447021484375 45.218017578125 7003.555519216501 81451
3090 111 809.708155396607 4407.475513280974 64728.447021484375 45.218017578125 6933.474348289651 82587
3100 101.4 4593.093646228209 11343.675185930764 64728.447021484375 45.218017578125 6852.260201138483 83697
3110 149.3 4687.961960176132 9741.496353425433 64728.447021484375 45.218017578125 6825.217728653457 84711
3120 132.8 2276.3872752361985 7855.185497932903 64728.447021484375 45.218017578125 6788.201779714468 86204
3130 134.7 4138.762568257865 11033.038262806227 64728.447021484375 45.218017578125 6719.750360097103 87532
3140 120.2 1504.3777773534996 6226.381127787274 64728.447021484375 45.218017578125 6680.63436469203 88879
3150 73.5 2375.8071757413886 5648.118403388738 64728.447021484375 45.218017578125 6611.5647449278085 90081
3160 173.1 3994.1977044011455 6702.455757089758 64728.447021484375 45.2041015625 6577.283541028143 90816
3170 123.4 1615.05920271665 6611.100901530803 64728.447021484375 44.885009765625 6528.969478084975 92547
3180 119.5 1285.0334789323997 5718.876530258584 64728.447021484375 44.885009765625 6464.310695604468 93781
3190 119.2 1976.6906336842019 6699.17150379863 64728.447021484375 44.885009765625 6399.144377019528 94976
3200 113.4 1555.440088450383 5214.946532930652 64728.447021484375 44.885009765625 6344.328171399617 96168
3210 102.1 2233.9957336365937 6508.745192045419 64728.447021484375 44.885009765625 6288.51637836284 97302
3220 122.8 4176.9401028412585 8751.876782290483 64728.447021484375 44.885009765625 6246.413659993125 98323
3230 132 3947.80377992572 9160.148540885952 64728.447021484375 44.885009765625 6220.885905091793 99551
3240 121 4053.533621190605 10366.732586485323 64728.447021484375 44.885009765625 6191.1403052145315 100871
3250 123.8 3829.644058153587 9984.917947326234 64728.447021484375 44.885009765625 6165.802543166071 102081
3260 119 4260.554288053118 10501.898151696445 64728.447021484375 44.885009765625 6137.809974476426 103319
3270 120.1 3841.5245102144695 10239.128004169888 64728.447021484375 44.885009765625 6116.434454025137 104509
3280 133.9 3766.232937505835 10741.458539469746 64728.447021484375 44.885009765625 6090.58858473636 105710
3290 140.1 4566.414684788486 11483.965781228431 64728.447021484375 44.885009765625 6061.51486885259 107049
3300 129.2 3775.8239838685754 10780.895625784078 64728.447021484375 44.885009765625 6042.200573252094 108450
3310 124.5 1254.493140334777 6247.4122369347815 64728.447021484375 44.885009765625 6015.518368139343 109742
3320 118.1 1193.9443981613176 6169.589397502651 64728.447021484375 44.885009765625 5962.111424906201 110987
3330 96.3 3118.0944948443985 9588.2769583825 64728.447021484375 44.885009765625 5911.908111496087 112168
3340 118.6 1981.4288774718732 6180.405623297559 64728.447021484375 44.885009765625 5888.126455603046 113131
3350 133.4 4153.448976256497 9749.915850744434 64728.447021484375 44.885009765625 5847.59579675385 114317
3360 123.5 3886.647000332111 10242.217957210083 64728.447021484375 44.885009765625 5828.054315413062 115651
3370 116.6 3411.290612353266 9570.994777801168 64728.447021484375 44.885009765625 5807.5416959879385 116886
3380 121.1 3245.9056214034117 9098.527908207147 64728.447021484375 44.885009765625 5783.873915996765 118052
3390 118.3 4516.343316614273 11233.67180282707 64728.447021484375 44.885009765625 5758.103311494509 119263
3400 132.6 3957.233628769267 10510.278582144736 64728.447021484375 44.885009765625 5745.906957327968 120446
3410 119.7 4540.820112822745 11770.025949652836 64728.447021484375 44.885009765625 5726.429730759718 121772
3420 121.5 5881.887201806845 11123.26275998975 64728.447021484375 44.885009765625 5714.888816279885 122969
3430 152.4 3660.013431098517 8849.179862047264 64728.447021484375 44.885009765625 5716.522706623369 124184
3440 117.3 2170.535172068147 7698.6765214797415 64728.447021484375 44.885009765625 5691.590958954965 125708
3450 115 3256.628828761889 9465.49676051089 64728.447021484375 44.885009765625 5659.039210166586 126881
3460 108.4 2328.9848702631307 7204.230914019249 64728.447021484375 44.885009765625 5637.460280543171 128031
3470 117.5 3119.2786938996023 8401.105646732765 64728.447021484375 44.885009765625 5609.683590423948 129115
3480 120.4 3659.1417007192804 9103.213966771615 64728.447021484375 44.885009765625 5587.224263127792 130290
3490 124 3505.896896460747 9219.770614193882 64728.447021484375 44.885009765625 5569.570138946157 131494
3500 123.2 4963.568529797849 11137.231748865543 64728.447021484375 44.885009765625 5550.291319497622 132734
3510 134.4 4004.5914946056573 10428.70681690319 64728.447021484375 44.885009765625 5544.895603592765 133966
3520 118.7 4618.623718415993 11859.908791968644 64728.447021484375 44.885009765625 5529.59615253609 135310
3530 146.3 6000.935181415005 13342.601512969677 64728.447021484375 44.885009765625 5521.674188835052 136497
3540 131.7 3222.450778506427 9225.29334694777 64728.447021484375 44.885009765625 5526.756523077908 137960
3550 39.8 13657.108678156403 16696.061399270875 64728.447021484375 44.885009765625 5504.967062753514 139277
3560 131.5 5727.042404905832 6272.345048697824 64728.447021484375 44.885009765625 5528.1963619332555 139675
3570 166 3317.1143748823406 5929.132830551104 64728.447021484375 44.885009765625 5530.050979611878 140990
3580 136.1 4092.4903324976376 10249.10073552035 64728.447021484375 44.885009765625 5504.2993163531955 142650
3590 115.6 2786.8839901194888 9046.689966844617 64728.447021484375 44.885009765625 5490.956779831489 144011
3600 121.2 4659.699037860326 11437.155182887533 64728.447021484375 44.885009765625 5469.423592916371 145167
3610 235.4 2344.437992429777 7940.0624040167595 64728.447021484375 44.885009765625 5462.719173834891 146379
3620 258 1783.2734623871997 6634.707554130386 64728.447021484375 44.885009765625 5413.366078684335 148733
3630 242.4 1823.7267168000983 6598.895825720163 64728.447021484375 44.8837890625 5351.470280239742 151313
3640 254 966.8812587467713 4796.996009295458 64728.447021484375 44.8837890625 5295.847688425295 153737
3650 223.4 147.9429272657649 1277.0660118746366 64728.447021484375 44.8837890625 5225.488168269524 156277
3660 256.9 1546.8738717643037 6635.982153270433 64728.447021484375 44.8837890625 5153.926976501114 158511
3670 90.8 2390.528256050816 6551.90301346451 64728.447021484375 44.8837890625 5096.399540282659 161080
3680 347.7 4610.771563086991 5384.6644672006305 64728.447021484375 44.8837890625 5081.23217525511 161988
3690 286.3 2624.1579110601597 6889.408736740698 64728.447021484375 44.8837890625 5071.346147705425 165465
3700 149.9 1786.4231040094417 4919.526986453674 64728.447021484375 44.8837890625 5029.723245267831 168328
3710 287.6 4134.226987114542 6829.736771882476 64728.447021484375 44.8837890625 5001.09583671827 169827
3720 275.4 2038.9372094070563 4982.495685612911 64728.447021484375 44.8837890625 4986.659985508619 172703
3730 237.9 1163.1824726940163 5332.309896896623 64728.447021484375 44.8837890625 4940.3920764175955 175457
3740 266.8 1817.87695349103 6907.549364357187 64728.447021484375 44.8837890625 4889.862478095218 177836
3750 249.9 1633.888364427802 6635.79393517637 64728.447021484375 44.8837890625 4844.455964224921 180504
3760 256.3 1727.0560283206971 6855.28566548421 64728.447021484375 44.8837890625 4800.61401391868 183003
3770 211.3 323.8804128044773 2319.253760089911 64728.447021484375 44.8837890625 4758.162653663635 185566
3780 191.1 849.1469920750759 2918.9025741540477 64728.447021484375 44.8837890625 4708.238909531711 187679
3790 274 2273.1219816555913 5184.942659808623 64728.447021484375 44.8837890625 4669.340630855307 189590
3800 250.6 1649.3087170868062 6072.773415143949 64728.447021484375 44.8837890625 4635.203267475661 192330
3810 223.2 2096.925721527428 7478.4400776396515 64728.447021484375 44.8837890625 4596.798394950694 194836
3820 263 2619.8569373997443 7199.8292661367905 64728.447021484375 44.8837890625 4568.484737699996 197068
3830 240.7 1520.6752487455192 6227.4191097244575 64728.447021484375 44.8837890625 4542.821530683453 199698
3840 209.8 1741.3471185122369 6475.305885027498 64728.447021484375 44.8837890625 4506.828823424234 202105
3850 254.3 2742.796881144318 8156.544794045957 64728.447021484375 44.8837890625 4478.416015498271 204203
3860 197.2 3397.0985433025276 8687.835364408074 64728.447021484375 44.8837890625 4457.067696988302 206746
3870 324.3 5009.668981824433 9058.19508055952 64728.447021484375 44.8837890625 4447.05294420671 208718
3880 252 1488.2288333953377 6360.084065611721 64728.447021484375 44.8837890625 4455.660960822947 211961
3890 239.4 2813.1685596233424 9404.242953056184 64728.447021484375 44.8837890625 4420.7957328488255 214481
3900 222.5 1462.4052661955743 6288.730170861823 64728.447021484375 44.8837890625 4403.049752663457 216875
3910 243.4 1876.5089673032126 5949.946794299351 64728.447021484375 44.8837890625 4373.186977755237 219100
3920 254.3 1997.964108447976 6746.882010621703 64728.447021484375 44.8837890625 4345.755909488334 221534
3930 247.6 1843.543942255813 7149.947751179475 64728.447021484375 44.8837890625 4319.111342888255 224077
3940 238.5 1518.3871157216327 6417.503488864048 64728.447021484375 44.8837890625 4292.055842038715 226553
3950 251.6 1867.0414679061823 7061.023798499307 64728.447021484375 44.8837890625 4263.160683033805 228938
3960 242.2 1578.9772832289314 6725.853650262024 64728.447021484375 44.8837890625 4237.113883474233 231454
3970 230.3 2657.5197031979314 8370.845158805301 64728.447021484375 44.8837890625 4209.586446517067 233876
3980 226.6 3215.7170902531675 8199.710515535859 64728.447021484375 44.8837890625 4194.4521216623425 236179
3990 294.5 2627.9063786608694 6408.347005491908 64728.447021484375 44.8837890625 4185.150968016122 238445
4000 221 1340.3713871606335 6681.067662807221 64728.447021484375 44.8837890625 4166.1523130774285 241390
4010 234.4 1056.2144557705517 5057.712401919054 64728.447021484375 44.8837890625 4140.516123232289 243600
4020 246.7 1797.100882231391 6466.237250125667 64728.447021484375 44.8837890625 4111.12080109176 245944
4030 248.8 2866.1780460271802 8260.441981822416 64728.447021484375 44.8837890625 4088.13998647474 248411
4040 234 1345.0279504498865 5613.6303904210035 64728.447021484375 44.8837890625 4076.0225953817762 250899
4050 171.3 1919.425428222371 6380.109667603042 64728.447021484375 44.8837890625 4050.7874322783814 253239
4060 325.3 4825.810480980312 8932.547048562881 64728.447021484375 44.8837890625 4036.4669989695703 254952
4070 263.1 2058.175401444769 7329.377469363502 64728.447021484375 44.8837890625 4046.41155599589 258205
4080 254.9 1587.6516836412559 6773.430419710505 64728.447021484375 44.695068359375 4026.3566198573817 260836
4090 206.1 972.1539653128428 5667.016493387665 64728.447021484375 44.695068359375 4002.755204125981 263385
4100 31.8 7898.685291218308 4867.930577910367 64728.447021484375 44.695068359375 3979.224734074845 265446
4110 377 6713.929782889694 5824.288989430146 64728.447021484375 44.695068359375 3983.914565869865 265764
4120 304 3153.938476964046 6359.088689141801 64728.447021484375 44.695068359375 4022.0995717250253 269534
4130 161.3 5554.381033739533 10349.775008097698 64728.447021484375 44.695068359375 4012.4170277990697 272574
4140 288.8 5826.971153787634 9634.623244162758 64728.447021484375 44.695068359375 4021.4881651672968 274187
4150 308.5 2515.1522585184102 5313.102505671355 64728.447021484375 44.695068359375 4040.3070224122143 277075
4160 243.7 2817.9725990467637 9042.979901229863 64728.447021484375 44.695068359375 4023.512681868909 280160
4170 253.4 1800.4616558553691 6045.820505985695 64728.447021484375 44.695068359375 4013.11660129538 282597
4180 259.2 1280.6778281882935 5731.149696834016 70096.08203125 44.695068359375 3993.4524201584813 285131
4190 223.2 1256.0993234504515 5839.025922158317 70096.08203125 44.695068359375 3969.0139437683883 287723
4200 231 1256.7861522591986 5394.303971000096 70096.08203125 44.695068359375 3948.1306155534944 289955
4210 29.8 8361.627062906355 9411.227125740612 70096.08203125 44.695068359375 3926.8588050041303 292265
4220 16.4 26622.31670547112 3956.5191694809832 70096.08203125 44.695068359375 3931.3759891349155 292563
4230 4 35857.40051879883 9557.860602558154 70096.08203125 44.695068359375 3944.088565280878 292727
4240 4.2 43761.888142903634 6670.740178527126 70096.08203125 44.695068359375 3948.448798770789 292767
4250 5 54384.581049804685 5480.431640944555 70096.08203125 44.695068359375 3954.1595674030837 292809
4260 2.9 58139.631861193426 2340.1283730066525 70096.08203125 44.695068359375 3962.7695847633836 292859
4261 0 0 0 70096.08203125 44.695068359375 3968.1338503052166 292888
