10 2.015625 2.015625
20 1.921875 3.9375
30 1.734375 5.671875
40 2.15625 7.828125
50 1.40625 9.234375
60 1.6875 10.921875
70 1.828125 12.75
80 2.4375 15.1875
90 1.921875 17.109375
100 1.96875 19.078125
110 1.6875 20.765625
120 1.828125 22.59375
130 1.734375 24.328125
140 2.296875 26.625
150 1.640625 28.265625
160 1.734375 30
170 1.828125 31.828125
180 2.34375 34.171875
190 1.828125 36
200 1.5 37.5
210 2.296875 39.796875
220 1.96875 41.765625
230 2.34375 44.109375
240 1.734375 45.84375
250 2.15625 48
260 1.875 49.875
270 1.875 51.75
280 1.40625 53.15625
290 1.921875 55.078125
300 1.96875 57.046875
310 1.921875 58.96875
320 2.671875 61.640625
330 1.921875 63.5625
340 1.96875 65.53125
350 1.59375 67.125
360 1.546875 68.671875
370 1.5 70.171875
380 1.5 71.671875
390 1.828125 73.5
400 1.734375 75.234375
410 1.828125 77.0625
420 2.109375 79.171875
430 1.59375 80.765625
440 1.359375 82.125
450 1.921875 84.046875
460 2.34375 86.390625
470 1.453125 87.84375
480 2.25 90.09375
490 1.59375 91.6875
500 1.921875 93.609375
510 2.015625 95.625
520 1.359375 96.984375
530 1.734375 98.71875
540 2.0625 100.78125
550 2.0625 102.84375
560 1.734375 104.578125
570 1.40625 105.984375
580 1.6875 107.671875
590 1.875 109.546875
600 2.15625 111.703125
610 3.796875 115.5
620 3.375 118.875
630 4.3125 123.1875
640 3.46875 126.65625
650 3.375 130.03125
660 3.140625 133.171875
670 3.234375 136.40625
680 3.796875 140.203125
690 3.703125 143.90625
700 3.421875 147.328125
710 3.46875 150.796875
720 2.8125 153.609375
730 4.171875 157.78125
740 3.515625 161.296875
750 3.46875 164.765625
760 3.375 168.140625
770 3.375 171.515625
780 3.46875 174.984375
790 3.328125 178.3125
800 3.46875 181.78125
810 3.46875 185.25
820 2.765625 188.015625
830 4.3125 192.328125
840 3.46875 195.796875
850 3.609375 199.40625
860 4.921875 204.328125
870 3.84375 208.171875
880 5.296875 213.46875
890 3.5625 217.03125
900 3.890625 220.921875
910 3.046875 223.96875
920 3.796875 227.765625
930 4.078125 231.84375
940 3.5625 235.40625
950 3.28125 238.6875
960 3.421875 242.109375
970 3.140625 245.25
980 3.703125 248.953125
990 3.65625 252.609375
1000 4.359375 256.96875
1010 3.890625 260.859375
1020 4.359375 265.21875
1030 3.46875 268.6875
1040 4.21875 272.90625
1050 4.03125 276.9375
1060 2.484375 279.421875
1070 4.171875 283.59375
1080 3.5625 287.15625
1090 3.328125 290.484375
1100 3.28125 293.765625
1110 3.84375 297.609375
1120 4.125 301.734375
1130 3.703125 305.4375
1140 3.1875 308.625
1150 3.1875 311.8125
1160 4.453125 316.265625
1170 4.21875 320.484375
1180 4.078125 324.5625
1190 3.328125 327.890625
1200 3.375 331.265625
1210 6.65625 337.921875
1220 6.984375 344.90625
1230 6.375 351.28125
1240 6.796875 358.078125
1250 7.453125 365.53125
1260 7.40625 372.9375
1270 6.5625 379.5
1280 7.3125 386.8125
1290 7.640625 394.453125
1300 6.140625 400.59375
1310 7.125 407.71875
1320 6.609375 414.328125
1330 7.21875 421.546875
1340 8.390625 429.9375
1350 8.015625 437.953125
1360 7.734375 445.6875
1370 8.015625 453.703125
1380 8.484375 462.1875
1390 7.3125 469.5
1400 6.5625 476.0625
1410 6.703125 482.765625
1420 7.078125 489.84375
1430 7.078125 496.921875
1440 7.3125 504.234375
1450 7.40625 511.640625
1460 7.78125 519.421875
1470 7.6875 527.109375
1480 7.3125 534.421875
1490 7.125 541.546875
1500 7.3125 548.859375
1510 7.21875 556.078125
1520 8.015625 564.09375
1530 7.59375 571.6875
1540 7.78125 579.46875
1550 7.078125 586.546875
1560 7.78125 594.328125
1570 6.328125 600.65625
1580 7.734375 608.390625
1590 6.515625 614.90625
1600 8.203125 623.109375
1610 7.59375 630.703125
1620 7.453125 638.15625
1630 7.828125 645.984375
1640 7.96875 653.953125
1650 8.25 662.203125
1660 7.828125 670.03125
1670 6.796875 676.828125
1680 8.484375 685.3125
1690 6.5625 691.875
1700 7.96875 699.84375
1710 7.640625 707.484375
1720 5.71875 713.203125
1730 6.5625 719.765625
1740 6.609375 726.375
1750 7.171875 733.546875
1760 6.703125 740.25
1770 7.359375 747.609375
1780 6 753.609375
1790 8.0625 761.671875
1800 8.0625 769.734375
1810 15.046875 784.78125
1820 16.21875 801
1830 14.015625 815.015625
1840 14.953125 829.96875
1850 15.421875 845.390625
1860 15.1875 860.578125
1870 14.25 874.828125
1880 14.25 889.078125
1890 14.390625 903.46875
1900 14.8125 918.28125
1910 14.953125 933.234375
1920 14.859375 948.09375
1930 16.40625 964.5
1940 16.078125 980.578125
1950 13.875 994.453125
1960 15.375 1009.828125
1970 14.53125 1024.359375
1980 14.0625 1038.421875
1990 15.328125 1053.75
2000 14.859375 1068.609375
2010 14.296875 1082.90625
2020 14.25 1097.15625
2030 14.015625 1111.171875
2040 16.921875 1128.09375
2050 13.265625 1141.359375
2060 15 1156.359375
2070 13.6875 1170.046875
2080 13.921875 1183.96875
2090 15.375 1199.34375
2100 14.625 1213.96875
2110 15.515625 1229.484375
2120 15.234375 1244.71875
2130 15.046875 1259.765625
2140 15.421875 1275.1875
2150 14.109375 1289.296875
2160 16.125 1305.421875
2170 14.8125 1320.234375
2180 14.4375 1334.671875
2190 15.375 1350.046875
2200 15.75 1365.796875
2210 15.796875 1381.59375
2220 15.28125 1396.875
2230 15.328125 1412.203125
2240 13.78125 1425.984375
2250 14.671875 1440.65625
2260 14.015625 1454.671875
2270 13.359375 1468.03125
2280 15.28125 1483.3125
2290 13.453125 1496.765625
2300 14.203125 1510.96875
2310 14.484375 1525.453125
2320 15.140625 1540.59375
2330 14.296875 1554.890625
2340 14.625 1569.515625
2350 14.953125 1584.46875
2360 16.359375 1600.828125
2370 15.140625 1615.96875
2380 16.40625 1632.375
2390 17.25 1649.625
2400 13.546875 1663.171875
2410 29.484375 1692.65625
2420 28.125 1720.78125
2430 30.28125 1751.0625
2440 27.609375 1778.671875
2450 30.84375 1809.515625
2460 30.796875 1840.3125
2470 29.15625 1869.46875
2480 29.671875 1899.140625
2490 31.265625 1930.40625
2500 27.09375 1957.5
2510 29.8125 1987.3125
2520 28.5 2015.8125
2530 29.109375 2044.921875
2540 30.1875 2075.109375
2550 29.015625 2104.125
2560 29.109375 2133.234375
2570 28.21875 2161.453125
2580 29.953125 2191.40625
2590 30.609375 2222.015625
2600 28.875 2250.890625
2610 30.09375 2280.984375
2620 28.171875 2309.15625
2630 31.3125 2340.46875
2640 30.09375 2370.5625
2650 30.5625 2401.125
2660 28.265625 2429.390625
2670 30.28125 2459.671875
2680 29.53125 2489.203125
2690 28.875 2518.078125
2700 29.25 2547.328125
2710 29.015625 2576.34375
2720 30.328125 2606.671875
2730 29.484375 2636.15625
2740 30.09375 2666.25
2750 27.515625 2693.765625
2760 27.984375 2721.75
2770 30.1875 2751.9375
2780 30.234375 2782.171875
2790 30.09375 2812.265625
2800 29.53125 2841.796875
2810 29.4375 2871.234375
2820 28.875 2900.109375
2830 29.15625 2929.265625
2840 29.34375 2958.609375
2850 27.421875 2986.03125
2860 29.296875 3015.328125
2870 28.3125 3043.640625
2880 27.28125 3070.921875
2890 29.15625 3100.078125
2900 30.140625 3130.21875
2910 30 3160.21875
2920 26.953125 3187.171875
2930 31.5 3218.671875
2940 27.890625 3246.5625
2950 31.21875 3277.78125
2960 28.546875 3306.328125
2970 29.296875 3335.625
2980 31.3125 3366.9375
2990 30.28125 3397.21875
3000 25.875 3423.09375
3010 53.71875 3476.8125
3020 59.625 3536.4375
3030 38.953125 3575.390625
3040 74.203125 3649.59375
3050 57.890625 3707.484375
3060 61.3125 3768.796875
3070 59.0625 3827.859375
3080 56.671875 3884.53125
3090 56.109375 3940.640625
3100 57.9375 3998.578125
3110 56.859375 4055.4375
3120 57.515625 4112.953125
3130 60.1875 4173.140625
3140 56.296875 4229.4375
3150 55.6875 4285.125
3160 60.234375 4345.359375
3170 55.828125 4401.1875
3180 58.21875 4459.40625
3190 61.125 4520.53125
3200 56.578125 4577.109375
3210 58.125 4635.234375
3220 58.734375 4693.96875
3230 58.125 4752.09375
3240 56.625 4808.71875
3250 54 4862.71875
3260 58.546875 4921.265625
3270 56.34375 4977.609375
3280 57.796875 5035.40625
3290 57.515625 5092.921875
3300 58.921875 5151.84375
3310 56.4375 5208.28125
3320 60.28125 5268.5625
3330 56.203125 5324.765625
3340 56.4375 5381.203125
3350 59.71875 5440.921875
3360 58.265625 5499.1875
3370 57.984375 5557.171875
3380 56.8125 5613.984375
3390 55.125 5669.109375
3400 58.5 5727.609375
3410 58.921875 5786.53125
3420 60.328125 5846.859375
3430 56.25 5903.109375
3440 58.3125 5961.421875
3450 57.140625 6018.5625
3460 54.65625 6073.21875
3470 60.5625 6133.78125
3480 56.53125 6190.3125
3490 59.71875 6250.03125
3500 55.40625 6305.4375
3510 60.5625 6366
3520 56.953125 6422.953125
3530 58.6875 6481.640625
3540 56.15625 6537.796875
3550 50.53125 6588.328125
3560 34.546875 6622.875
3570 84.609375 6707.484375
3580 61.359375 6768.84375
3590 55.40625 6824.25
3600 58.265625 6882.515625
3610 104.8125 6987.328125
3620 115.40625 7102.734375
3630 112.921875 7215.65625
3640 114.796875 7330.453125
3650 113.4375 7443.890625
3660 118.03125 7561.921875
3670 77.765625 7639.6875
3680 141.890625 7781.578125
3690 116.578125 7898.15625
3700 105.703125 8003.859375
3710 110.71875 8114.578125
3720 128.625 8243.203125
3730 114.234375 8357.4375
3740 118.171875 8475.609375
3750 105.703125 8581.3125
3760 115.03125 8696.34375
3770 112.265625 8808.609375
3780 97.640625 8906.25
3790 123.984375 9030.234375
3800 119.671875 9149.90625
3810 105.5625 9255.46875
3820 116.203125 9371.671875
3830 119.15625 9490.828125
3840 115.03125 9605.859375
3850 115.171875 9721.03125
3860 84.9375 9805.96875
3870 143.953125 9949.921875
3880 116.953125 10066.875
3890 113.625 10180.5
3900 109.921875 10290.421875
3910 110.4375 10400.859375
3920 122.71875 10523.578125
3930 114.09375 10637.671875
3940 115.828125 10753.5
3950 115.875 10869.375
3960 114.375 10983.75
3970 110.671875 11094.421875
3980 89.578125 11184
3990 137.15625 11321.15625
4000 114.65625 11435.8125
4010 112.21875 11548.03125
4020 115.5 11663.53125
4030 111.1875 11774.71875
4040 113.53125 11888.25
4050 82.03125 11970.28125
4060 144.890625 12115.171875
4070 116.8125 12231.984375
4080 117.328125 12349.3125
4090 114.9375 12464.25
4100 39.75 12504
4110 144 12648
4120 140.484375 12788.484375
4130 107.90625 12896.390625
4140 120.703125 13017.09375
4150 131.953125 13149.046875
4160 105.5625 13254.609375
4170 125.0625 13379.671875
4180 115.78125 13495.453125
4190 113.296875 13608.75
4200 113.25 13722
4210 7.125 13729.125
4220 0 13729.125
4230 0 13729.125
4240 0 13729.125
4250 0 13729.125
4260 0 13729.125
4261 0 13729.125
