10 660.328125 660.328125
20 748.371875 1408.7
30 748.371875 2157.071875
40 792.7515625 2949.8234375
50 748.371875 3698.1953125
60 748.371875 4446.5671875
70 792.39375 5238.9609375
80 726.3609375 5965.321875
90 836.415625 6801.7375
100 682.696875 7484.434375
110 668.4578125 8152.8921875
120 688.2359375 8841.128125
130 533.44375 9374.571875
140 1235.475 10610.046875
150 1254.6234375 11864.6703125
160 660.328125 12524.9984375
170 880.4375 13405.4359375
180 726.3609375 14131.796875
190 836.415625 14968.2125
200 1653.6828125 16621.8953125
210 1232.6125 17854.5078125
220 880.4375 18734.9453125
230 990.4921875 19725.4375
240 990.4921875 20715.9296875
250 924.459375 21640.3890625
260 1012.503125 22652.8921875
270 814.4046875 23467.296875
280 660.328125 24127.625
290 902.4484375 25030.0734375
300 902.4484375 25932.521875
310 792.39375 26724.915625
320 1232.6125 27957.528125
330 1100.546875 29058.075
340 770.3828125 29828.4578125
350 902.4484375 30730.90625
360 704.35 31435.25625
370 726.3609375 32161.6171875
380 660.328125 32821.9453125
390 858.4265625 33680.371875
400 792.39375 34472.765625
410 858.4265625 35331.1921875
420 968.48125 36299.6734375
430 814.4046875 37114.078125
440 704.35 37818.428125
450 704.35 38522.778125
460 1188.590625 39711.36875
470 748.371875 40459.740625
480 924.8171875 41384.5578125
490 704.35 42088.9078125
500 990.4921875 43079.4
510 924.8171875 44004.2171875
520 748.371875 44752.5890625
530 748.371875 45500.9609375
540 946.4703125 46447.43125
550 924.459375 47371.890625
560 748.371875 48120.2625
570 770.3828125 48890.6453125
580 880.4375 49771.0828125
590 748.371875 50519.4546875
600 1056.525 51575.9796875
610 1540.765625 53116.7453125
620 1672.83125 54789.5765625
630 1936.9625 56726.5390625
640 1673.1890625 58399.728125
650 1584.7875 59984.515625
660 1518.7546875 61503.2703125
670 1584.7875 63088.0578125
680 1672.83125 64760.8890625
690 1738.8640625 66499.753125
700 1672.83125 68172.584375
710 1518.7546875 69691.3390625
720 1430.7109375 71122.05
730 1870.9296875 72992.9796875
740 1760.8515625 74753.83125
750 1628.809375 76382.640625
760 1585.1453125 77967.7859375
770 1584.7875 79552.5734375
780 1628.809375 81181.3828125
790 1562.7765625 82744.159375
800 1650.8203125 84394.9796875
810 1540.765625 85935.7453125
820 1320.65625 87256.4015625
830 1892.940625 89149.3421875
840 1672.83125 90822.1734375
850 1716.853125 92539.0265625
860 2069.028125 94608.0546875
870 2091.0390625 96699.09375
880 2223.1046875 98922.1984375
890 2047.0171875 100969.215625
900 1804.896875 102774.1125
910 1430.7109375 104204.8234375
920 1716.853125 105921.6765625
930 1870.9296875 107792.60625
940 1760.875 109553.48125
950 1540.765625 111094.246875
960 1540.765625 112635.0125
970 1496.74375 114131.75625
980 1716.853125 115848.609375
990 1584.7875 117433.396875
1000 2047.0171875 119480.4140625
1010 1760.875 121241.2890625
1020 2113.05 123354.3390625
1030 1650.8203125 125005.159375
1040 2091.0390625 127096.1984375
1050 1914.9515625 129011.15
1060 1100.546875 130111.696875
1070 1958.9734375 132070.6703125
1080 1716.853125 133787.5234375
1090 1606.7984375 135394.321875
1100 1584.7875 136979.109375
1110 1474.7328125 138453.8421875
1120 2179.0828125 140632.925
1130 1738.8640625 142371.7890625
1140 1474.7328125 143846.521875
1150 1628.809375 145475.33125
1160 1892.940625 147368.271875
1170 1981.3421875 149349.6140625
1180 1936.9625 151286.5765625
1190 1694.8421875 152981.41875
1200 1496.74375 154478.1625
1210 2597.6484375 157075.8109375
1220 2861.7796875 159937.590625
1230 3037.509375 162975.1
1240 2839.4109375 165814.5109375
1250 2993.4875 168807.9984375
1260 3059.5203125 171867.51875
1270 3015.4984375 174883.0171875
1280 3169.575 178052.5921875
1290 3345.6625 181398.2546875
1300 3214.6703125 184612.925
1310 2751.725 187364.65
1320 2116.628125 189481.278125
1330 1454.6703125 190935.9484375
1340 1354.371875 192290.3203125
1350 1279.7265625 193570.046875
1360 1114.2234375 194684.2703125
1370 397.3921875 195081.6625
1380 99.31796875 195180.98046875
1390 312.459375 195493.43984375
1400 490.4859375 195983.92578125
1410 403.3421875 196387.26796875
1420 325.14375 196712.41171875
1430 1310.303125 198022.71484375
1440 1294.778125 199317.49296875
1450 1424.11171875 200741.6046875
1460 1955.125 202696.7296875
1470 2461.3671875 205158.096875
1480 1756.446875 206914.54375
1490 1243.3609375 208157.9046875
1500 2228.0921875 210385.996875
1510 2614.103125 213000.1
1520 1903.5078125 214903.6078125
1530 1286.965625 216190.5734375
1540 1780.75 217971.3234375
1550 2130.46484375 220101.78828125
1560 1852.865625 221954.65390625
1570 1599.48125 223554.13515625
1580 1786.153125 225340.28828125
1590 2087.4171875 227427.70546875
1600 1582.1984375 229009.90390625
1610 1630.259375 230640.16328125
1620 2056.696875 232696.86015625
1630 2241.965625 234938.82578125
1640 2199.8859375 237138.71171875
1650 1406.79921875 238545.5109375
1660 1245.3734375 239790.884375
1670 1769.43125 241560.315625
1680 1651.6546875 243211.9703125
1690 1820.6546875 245032.625
1700 1738.7578125 246771.3828125
1710 2089.9859375 248861.36875
1720 1605.64140625 250467.01015625
1730 1417.759375 251884.76953125
1740 2125.053125 254009.82265625
1750 2499.21953125 256509.0421875
1760 2431.565625 258940.6078125
1770 2391.615625 261332.2234375
1780 2150.528125 263482.7515625
1790 1975.303125 265458.0546875
1800 1393.84375 266851.8984375
1810 179.29140625 267031.18984375
1820 414.4125 267445.60234375
1830 193.9671875 267639.56953125
1840 212.8984375 267852.46796875
1850 120.940625 267973.40859375
1860 834.353125 268807.76171875
1870 1386.7453125 270194.50703125
1880 1628.92578125 271823.4328125
1890 1992.8390625 273816.271875
1900 1365.2421875 275181.5140625
1910 968.4 276149.9140625
1920 1145.140625 277295.0546875
1930 1291.39375 278586.4484375
1940 2560.5671875 281147.015625
1950 2903.265625 284050.28125
1960 2725.28515625 286775.56640625
1970 2563.6765625 289339.24296875
1980 997.65703125 290336.9
1990 1386.1171875 291723.0171875
2000 2541.0390625 294264.05625
2010 2721.1390625 296985.1953125
2020 2320.6 299305.7953125
2030 1686.6484375 300992.44375
2040 1789.05 302781.49375
2050 1598.0609375 304379.5546875
2060 1941.9890625 306321.54375
2070 2035.309375 308356.853125
2080 1699.52578125 310056.37890625
2090 1906.4828125 311962.86171875
2100 1745.290625 313708.15234375
2110 1377.146875 315085.29921875
2120 1551.0609375 316636.36015625
2130 2284.03515625 318920.3953125
2140 2005.371875 320925.7671875
2150 1732.9859375 322658.753125
2160 2200.2515625 324859.0046875
2170 2211.06484375 327070.06953125
2180 1788.2703125 328858.33984375
2190 1762.003125 330620.34296875
2200 1717.21953125 332337.5625
2210 1068.78203125 333406.34453125
2220 394.82109375 333801.165625
2230 229.3375 334030.503125
2240 215.2640625 334245.7671875
2250 302.73203125 334548.49921875
2260 405.3890625 334953.88828125
2270 1108.3484375 336062.23671875
2280 592.115625 336654.35234375
2290 763.50390625 337417.85625
2300 1349.740625 338767.596875
2310 1563.12421875 340330.72109375
2320 1698.75 342029.47109375
2330 845.76328125 342875.234375
2340 1751.04765625 344626.28203125
2350 2428.82421875 347055.10625
2360 2785.6703125 349840.7765625
2370 2432.7421875 352273.51875
2380 1675.66328125 353949.18203125
2390 1116.2109375 355065.39296875
2400 1331.5484375 356396.94140625
2410 2144.03828125 358540.9796875
2420 2099.453125 360640.4328125
2430 2430.69140625 363071.12421875
2440 2234.2515625 365305.37578125
2450 2302.96328125 367608.3390625
2460 2584.0890625 370192.428125
2470 2604.90390625 372797.33203125
2480 2276.24921875 375073.58125
2490 2086.9171875 377160.4984375
2500 1380.675 378541.1734375
2510 1026.12890625 379567.30234375
2520 1336.8015625 380904.10390625
2530 1860.2703125 382764.37421875
2540 2166.03125 384930.40546875
2550 2177.709375 387108.11484375
2560 1914.6328125 389022.74765625
2570 2049.73203125 391072.4796875
2580 2715.42734375 393787.90703125
2590 2387.753125 396175.66015625
2600 2240.6703125 398416.33046875
2610 1561.48515625 399977.815625
2620 1442.89609375 401420.71171875
2630 1544.87109375 402965.5828125
2640 1539.78125 404505.3640625
2650 844.8328125 405350.196875
2660 1122.8234375 406473.0203125
2670 983.2734375 407456.29375
2680 1192.99765625 408649.29140625
2690 1558.7046875 410207.99609375
2700 1286.14921875 411494.1453125
2710 458.965625 411953.1109375
2720 1787.14453125 413740.25546875
2730 2235.53671875 415975.7921875
2740 2066.0609375 418041.853125
2750 1100.7859375 419142.6390625
2760 2450.38671875 421593.02578125
2770 2943.16640625 424536.1921875
2780 3235.77109375 427771.96328125
2790 2924.7390625 430696.70234375
2800 2500.16328125 433196.865625
2810 2153.83359375 435350.69921875
2820 1959.134375 437309.83359375
2830 2358.77109375 439668.6046875
2840 2595.83671875 442264.44140625
2850 2932.7640625 445197.20546875
2860 2211.19375 447408.39921875
2870 1958.21484375 449366.6140625
2880 2707.578125 452074.1921875
2890 3077.88359375 455152.07578125
2900 2672.628125 457824.70390625
2910 2679.090625 460503.79453125
2920 2167.51640625 462671.3109375
2930 1522.11015625 464193.42109375
2940 1777.678125 465971.09921875
2950 1901.5828125 467872.68203125
2960 1943.8453125 469816.52734375
2970 1680.065625 471496.59296875
2980 1382.578125 472879.17109375
2990 1403.4140625 474282.58515625
3000 1953.7078125 476236.29296875
3010 3272.3828125 479508.67578125
3020 3713.925 483222.60078125
3030 2932.70234375 486155.303125
3040 2940.8609375 489096.1640625
3050 2180.628125 491276.7921875
3060 2031.5421875 493308.334375
3070 1594.55078125 494902.88515625
3080 1737.09765625 496639.9828125
3090 1924.94453125 498564.92734375
3100 2293.17890625 500858.10625
3110 3348.76171875 504206.86796875
3120 1871.5046875 506078.37265625
3130 2170.44140625 508248.8140625
3140 1917.2046875 510166.01875
3150 1436.4015625 511602.4203125
3160 2127.08984375 513729.51015625
3170 965.1015625 514694.61171875
3180 2646.18828125 517340.8
3190 3027.16953125 520367.96953125
3200 2842.309375 523210.27890625
3210 4154.2140625 527364.49296875
3220 4680.325 532044.81796875
3230 4527.74140625 536572.559375
3240 3327.146875 539899.70625
3250 2970.1796875 542869.8859375
3260 3796.39921875 546666.28515625
3270 2696.671875 549362.95703125
3280 3449.5546875 552812.51171875
3290 3250.9046875 556063.41640625
3300 1968.58046875 558031.996875
3310 1446.9875 559478.984375
3320 789.309375 560268.29375
3330 2982.23984375 563250.53359375
3340 4169.72421875 567420.2578125
3350 4510.109375 571930.3671875
3360 3939.99140625 575870.35859375
3370 2355.27890625 578225.6375
3380 2375.66484375 580601.30234375
3390 2004.91171875 582606.2140625
3400 2091.79609375 584698.01015625
3410 1828.2515625 586526.26171875
3420 1774.684375 588300.94609375
3430 2049.31796875 590350.2640625
3440 2313.75078125 592664.01484375
3450 3657.6375 596321.65234375
3460 3870.15078125 600191.803125
3470 4070.73828125 604262.54140625
3480 3612.1921875 607874.73359375
3490 3113.175 610987.90859375
3500 2513.090625 613500.99921875
3510 2463.00546875 615964.0046875
3520 1983.021875 617947.0265625
3530 2186.646875 620133.6734375
3540 1974.8546875 622108.528125
3550 346.909375 622455.4375
3560 2212.27578125 624667.71328125
3570 3837.228125 628504.94140625
3580 3913.44296875 632418.384375
3590 2995.46796875 635413.85234375
3600 2366.315625 637780.16796875
3610 3211.8109375 640991.97890625
3620 3527.4390625 644519.41796875
3630 2584.0625 647103.48046875
3640 1401.10546875 648504.5859375
3650 2400.65625 650905.2421875
3660 4171.60859375 655076.85078125
3670 1626.58671875 656703.4375
3680 4921.915625 661625.353125
3690 1834.41875 663459.771875
3700 1574.1 665033.871875
3710 2991.921875 668025.79375
3720 5002.634375 673028.428125
3730 5202.03984375 678230.46796875
3740 5586.47265625 683816.940625
3750 3254.48359375 687071.42421875
3760 3402.14453125 690473.56875
3770 3536.48203125 694010.05078125
3780 5770.496875 699780.54765625
3790 5989.41640625 705769.9640625
3800 5865.73515625 711635.69921875
3810 4278.06484375 715913.7640625
3820 4076.98515625 719990.74921875
3830 3786.23671875 723776.9859375
3840 3700.5234375 727477.509375
3850 5009.25234375 732486.76171875
3860 4199.48671875 736686.2484375
3870 5328.96953125 742015.21796875
3880 3888.3890625 745903.60703125
3890 4259.090625 750162.69765625
3900 4355.05390625 754517.7515625
3910 4766.84140625 759284.59296875
3920 5251.38515625 764535.978125
3930 4457.109375 768993.0875
3940 4012.73671875 773005.82421875
3950 3843.4265625 776849.25078125
3960 3561.42578125 780410.6765625
3970 4058.9296875 784469.60625
3980 3563.48984375 788033.09609375
3990 4716.475 792749.57109375
4000 3497.04296875 796246.6140625
4010 4673.11171875 800919.72578125
4020 5427.99375 806347.71953125
4030 4909.42578125 811257.1453125
4040 3980.76953125 815237.91484375
4050 2666.9328125 817904.84765625
4060 4475.49921875 822380.346875
4070 3563.2515625 825943.5984375
4080 1330.95859375 827274.55703125
4090 855.659375 828130.21640625
4100 738.4046875 828868.62109375
4110 4511.61640625 833380.2375
4120 3376.91484375 836757.15234375
4130 1951.3515625 838708.50390625
4140 4129.62265625 842838.1265625
4150 4880.9078125 847719.034375
4160 2336.6296875 850055.6640625
4170 3649.84765625 853705.51171875
4180 2517.24375 856222.75546875
4190 2567.0984375 858789.85390625
4200 4614.75859375 863404.6125
4210 2842.4171875 866247.0296875
4220 2854.434375 869101.4640625
4230 542.425 869643.8890625
4240 641.1796875 870285.06875
4250 907.1 871192.16875
4260 270.2140625 871462.3828125
4261 0.3578125 871462.740625
