0 0 0
10 15 15
20 19 22
30 25 28
40 32 33
50 26 35
60 30 35
70 34 35
80 53 53
90 55 60
100 66 69
110 65 72
120 65 72
130 73 76
140 58 80
150 37 80
160 45 80
170 41 80
180 60 80
190 62 80
200 11 80
210 4 80
220 8 80
230 11 80
240 4 80
250 7 80
260 4 80
270 6 80
280 5 80
290 3 80
300 2 80
310 10 80
320 9 80
330 4 80
340 10 80
350 3 80
360 4 80
370 2 80
380 4 80
390 3 80
400 5 80
410 4 80
420 4 80
430 4 80
440 0 80
450 9 80
460 5 80
470 4 80
480 7 80
490 8 80
500 4 80
510 7 80
520 2 80
530 5 80
540 3 80
550 5 80
560 9 80
570 4 80
580 1 80
590 6 80
600 3 80
610 14 80
620 14 80
630 14 80
640 12 80
650 13 80
660 9 80
670 6 80
680 11 80
690 12 80
700 9 80
710 15 80
720 10 80
730 13 80
740 7 80
750 7 80
760 3 80
770 8 80
780 9 80
790 9 80
800 5 80
810 7 80
820 13 80
830 14 80
840 14 80
850 17 80
860 21 80
870 10 80
880 22 80
890 4 80
900 5 80
910 9 80
920 10 80
930 10 80
940 7 80
950 8 80
960 10 80
970 9 80
980 10 80
990 16 80
1000 12 80
1010 23 80
1020 15 80
1030 17 80
1040 9 80
1050 6 80
1060 11 80
1070 12 80
1080 10 80
1090 10 80
1100 7 80
1110 20 80
1120 8 80
1130 10 80
1140 13 80
1150 7 80
1160 12 80
1170 12 80
1180 11 80
1190 6 80
1200 10 80
1210 34 80
1220 51 80
1230 49 80
1240 67 80
1250 86 90
1260 101 109
1270 111 114
1280 122 127
1290 130 136
1300 117 136
1310 148 148
1320 177 179
1330 224 238
1340 248 253
1350 192 253
1360 69 253
1370 74 253
1380 130 253
1390 95 253
1400 18 253
1410 0 253
1420 31 253
1430 115 253
1440 178 253
1450 246 253
1460 261 264
1470 268 274
1480 283 286
1490 317 325
1500 330 330
1510 318 330
1520 353 354
1530 386 390
1540 385 393
1550 351 393
1560 325 393
1570 304 393
1580 299 393
1590 282 393
1600 310 393
1610 362 393
1620 370 393
1630 318 393
1640 322 393
1650 313 393
1660 289 393
1670 307 393
1680 362 393
1690 349 393
1700 317 393
1710 278 393
1720 261 393
1730 270 393
1740 253 393
1750 255 393
1760 277 393
1770 305 393
1780 302 393
1790 256 393
1800 99 393
1810 262 393
1820 172 393
1830 286 393
1840 11 393
1850 3 393
1860 156 393
1870 303 393
1880 313 393
1890 311 393
1900 216 393
1910 253 393
1920 256 393
1930 355 393
1940 463 467
1950 382 472
1960 283 472
1970 241 472
1980 224 472
1990 322 472
2000 370 472
2010 400 472
2020 391 472
2030 327 472
2040 373 472
2050 410 472
2060 446 472
2070 435 475
2080 345 475
2090 340 475
2100 359 475
2110 373 475
2120 358 475
2130 329 475
2140 401 475
2150 372 475
2160 380 475
2170 411 475
2180 436 475
2190 437 476
2200 336 476
2210 274 476
2220 257 476
2230 42 476
2240 83 476
2250 95 476
2260 244 476
2270 116 476
2280 77 476
2290 254 476
2300 292 476
2310 312 476
2320 260 476
2330 261 476
2340 406 476
2350 402 476
2360 373 476
2370 396 476
2380 323 476
2390 274 476
2400 280 476
2410 261 476
2420 353 476
2430 381 476
2440 488 489
2450 490 514
2460 553 555
2470 547 571
2480 511 571
2490 423 571
2500 358 571
2510 318 571
2520 330 571
2530 317 571
2540 249 571
2550 281 571
2560 339 571
2570 476 571
2580 367 571
2590 422 571
2600 370 571
2610 336 571
2620 494 571
2630 376 571
2640 259 571
2650 299 571
2660 160 571
2670 194 571
2680 382 571
2690 169 571
2700 82 571
2710 205 571
2720 205 571
2730 245 571
2740 190 571
2750 143 571
2760 414 571
2770 384 571
2780 409 571
2790 473 571
2800 410 571
2810 458 571
2820 429 571
2830 428 571
2840 435 571
2850 367 571
2860 315 571
2870 333 571
2880 372 571
2890 433 571
2900 481 571
2910 454 571
2920 466 571
2930 392 665
2940 419 665
2950 403 665
2960 432 665
2970 247 665
2980 225 665
2990 283 665
3000 438 665
3010 482 665
3020 549 665
3030 871 871
3040 508 1059
3050 309 1059
3060 171 1059
3070 262 1059
3080 321 1059
3090 413 1059
3100 637 1059
3110 339 1059
3120 242 1059
3130 177 1059
3140 174 1059
3150 633 1059
3160 174 1059
3170 129 1059
3180 173 1059
3190 284 1059
3200 355 1059
3210 578 1059
3220 594 1059
3230 511 1059
3240 505 1059
3250 486 1059
3260 540 1059
3270 533 1059
3280 420 1059
3290 250 1059
3300 208 1059
3310 181 1059
3320 268 1059
3330 510 1059
3340 522 1059
3350 462 1059
3360 458 1059
3370 529 1059
3380 528 1059
3390 520 1059
3400 444 1059
3410 503 1059
3420 567 1059
3430 243 1059
3440 308 1059
3450 375 1059
3460 457 1059
3470 569 1059
3480 568 1059
3490 600 1059
3500 621 1059
3510 551 1059
3520 565 1059
3530 369 1059
3540 243 1059
3550 1020 1109
3560 946 1109
3570 513 1109
3580 423 1109
3590 447 1109
3600 484 1109
3610 401 1109
3620 288 1109
3630 252 1109
3640 151 1109
3650 329 1109
3660 285 1109
3670 1753 1753
3680 661 1836
3690 188 1836
3700 1179 1836
3710 775 1836
3720 417 1836
3730 464 1836
3740 310 1836
3750 185 1836
3760 53 1836
3770 382 1836
3780 818 1836
3790 487 1836
3800 470 1836
3810 641 1836
3820 390 1836
3830 430 1836
3840 804 1836
3850 699 1836
3860 1233 1836
3870 414 1836
3880 375 1836
3890 352 1836
3900 563 1836
3910 473 1836
3920 454 1836
3930 407 1836
3940 511 1836
3950 440 1836
3960 491 1836
3970 605 1836
3980 717 1836
3990 236 1836
4000 476 1836
4010 523 1836
4020 504 1836
4030 407 1836
4040 480 1836
4050 1188 1836
4060 394 1836
4070 263 1836
4080 138 1836
4090 522 1836
4100 2623 2623
4110 1227 2717
4120 651 2717
4130 1411 2717
4140 1050 2717
4150 384 2717
4160 377 2717
4170 330 2717
4180 199 2717
4190 379 2717
4200 487 2717
4210 325 2717
4220 161 2717
4230 121 2717
4240 79 2717
4250 29 2717
4260 0 2717
4261 0 2717
