0 0 0
10 4.5 45
20 3.9 84
30 4 124
40 4.4 168
50 2.9 197
60 3.8 235
70 3.8 273
80 5.3 326
90 4 366
100 4.2 408
110 3.7 445
120 3.8 483
130 3.7 520
140 4.8 568
150 3.5 603
160 3.9 642
170 3.7 679
180 5.1 730
190 3.8 768
200 3.2 800
210 4.9 849
220 4.4 893
230 4.8 941
240 4 981
250 4.5 1026
260 4.1 1067
270 4 1107
280 2.9 1136
290 3.9 1175
300 4.2 1217
310 4.2 1259
320 5.8 1317
330 4.1 1358
340 4.2 1400
350 3.3 1433
360 3.4 1467
370 3 1497
380 3.2 1529
390 3.9 1568
400 3.8 1606
410 3.8 1644
420 4.5 1689
430 3.5 1724
440 2.8 1752
450 4.1 1793
460 5 1843
470 3.3 1876
480 4.6 1922
490 3.6 1958
500 4.1 1999
510 4.4 2043
520 2.8 2071
530 3.7 2108
540 4.2 2150
550 4.7 2197
560 3.5 2232
570 3 2262
580 3.6 2298
590 4 2338
600 4.6 2384
610 8.1 2465
620 7.5 2540
630 8.9 2629
640 7.4 2703
650 7.2 2775
660 6.6 2841
670 6.9 2910
680 8.1 2991
690 7.9 3070
700 7.3 3143
710 7.6 3219
720 5.9 3278
730 8.8 3366
740 7.8 3444
750 7.3 3517
760 7.1 3588
770 7.5 3663
780 7.4 3737
790 7.1 3808
800 7.2 3880
810 7.4 3954
820 6.3 4017
830 8.9 4106
840 7.4 4180
850 7.9 4259
860 10 4359
870 8.2 4441
880 11.7 4558
890 7.2 4630
900 8.3 4713
910 6.8 4781
920 8 4861
930 8.6 4947
940 7.5 5022
950 7.1 5093
960 7.2 5165
970 6.7 5232
980 7.9 5311
990 8.4 5395
1000 9.1 5486
1010 8.8 5574
1020 8.7 5661
1030 7.7 5738
1040 8.8 5826
1050 8.2 5908
1060 5.5 5963
1070 8.9 6052
1080 7.7 6129
1090 7 6199
1100 6.9 6268
1110 8.4 6352
1120 8.6 6438
1130 7.9 6517
1140 6.9 6586
1150 6.8 6654
1160 9.4 6748
1170 8.9 6837
1180 8.7 6924
1190 7.1 6995
1200 7.2 7067
1210 14.4 7211
1220 14.7 7358
1230 13.6 7494
1240 15.5 7649
1250 15.3 7802
1260 15.4 7956
1270 14.6 8102
1280 15.7 8259
1290 16.1 8420
1300 13.2 8552
1310 15.5 8707
1320 13.6 8843
1330 15.7 9000
1340 17.8 9178
1350 16.8 9346
1360 16.6 9512
1370 17.2 9684
1380 18.2 9866
1390 15.5 10021
1400 13.8 10159
1410 14.1 10300
1420 15.2 10452
1430 15.3 10605
1440 15.3 10758
1450 15.8 10916
1460 16.6 11082
1470 16.3 11245
1480 15.6 11401
1490 15.6 11557
1500 16.3 11720
1510 14.9 11869
1520 17.6 12045
1530 16.1 12206
1540 15.9 12365
1550 16 12525
1560 15.7 12682
1570 13.6 12818
1580 16.6 12984
1590 14.1 13125
1600 17.3 13298
1610 16.3 13461
1620 16 13621
1630 16.1 13782
1640 17.2 13954
1650 17.6 14130
1660 16.9 14299
1670 14.3 14442
1680 18 14622
1690 14 14762
1700 17.1 14933
1710 16 15093
1720 12.2 15215
1730 14 15355
1740 14.8 15503
1750 15.3 15656
1760 14.2 15798
1770 15.5 15953
1780 13 16083
1790 17.7 16260
1800 17.1 16431
1810 32.1 16752
1820 34.8 17100
1830 29.4 17394
1840 32.1 17715
1850 32.5 18040
1860 33 18370
1870 29.8 18668
1880 30.2 18970
1890 30.8 19278
1900 31.5 19593
1910 31.9 19912
1920 31.9 20231
1930 35.4 20585
1940 33.5 20920
1950 29.7 21217
1960 32.6 21543
1970 31.1 21854
1980 30.2 22156
1990 33.6 22492
2000 32.3 22815
2010 29.7 23112
2020 31.1 23423
2030 29.5 23718
2040 36 24078
2050 28.2 24360
2060 31.8 24678
2070 29.2 24970
2080 30 25270
2090 32.4 25594
2100 31.6 25910
2110 32.8 26238
2120 32.3 26561
2130 32.1 26882
2140 33 27212
2150 29.7 27509
2160 34.6 27855
2170 32.1 28176
2180 30.1 28477
2190 32.9 28806
2200 33.1 29137
2210 34 29477
2220 32.4 29801
2230 32.7 30128
2240 30.9 30437
2250 31.1 30748
2260 30.3 31051
2270 28 31331
2280 32.4 31655
2290 29.8 31953
2300 29 32243
2310 31.6 32559
2320 31.3 32872
2330 30.4 33176
2340 31.2 33488
2350 32.2 33810
2360 34.7 34157
2370 32.8 34485
2380 34.9 34834
2390 36.1 35195
2400 29.1 35486
2410 63.7 36123
2420 59.9 36722
2430 64.3 37365
2440 58.9 37954
2450 65.4 38608
2460 65.7 39265
2470 61.8 39883
2480 63.7 40520
2490 66.3 41183
2500 60.8 41791
2510 63.7 42428
2520 60.1 43029
2530 62.2 43651
2540 64 44291
2550 62.5 44916
2560 61.2 45528
2570 60.3 46131
2580 65 46781
2590 64.2 47423
2600 61.7 48040
2610 64.1 48681
2620 60.5 49286
2630 65.8 49944
2640 64.3 50587
2650 64.7 51234
2660 60.8 51842
2670 63.8 52480
2680 63.5 53115
2690 60.9 53724
2700 62.3 54347
2710 61.5 54962
2720 64.9 55611
2730 62.9 56240
2740 64 56880
2750 62.4 57504
2760 58.9 58093
2770 64.2 58735
2780 64.8 59383
2790 63.2 60015
2800 63.6 60651
2810 62.8 61279
2820 60.6 61885
2830 63.2 62517
2840 61.7 63134
2850 59.1 63725
2860 61.7 64342
2870 60.4 64946
2880 58.2 65528
2890 62.3 66151
2900 64.4 66795
2910 62.8 67423
2920 64.5 68068
2930 60.4 68672
2940 59.2 69264
2950 67 69934
2960 60.7 70541
2970 62.1 71162
2980 66.7 71829
2990 64.5 72474
3000 57 73044
3010 118 74224
3020 127.9 75503
3030 117 76673
3040 129 77963
3050 118.3 79146
3060 129.8 80444
3070 126.9 81713
3080 119.5 82908
3090 120.2 84110
3100 123.8 85348
3110 119.5 86543
3120 123.1 87774
3130 128.2 89056
3140 119.9 90255
3150 119.4 91449
3160 127.2 92721
3170 118.9 93910
3180 123.9 95149
3190 130.3 96452
3200 120.5 97657
3210 124.4 98901
3220 124.4 100145
3230 123.7 101382
3240 120.4 102586
3250 121.9 103805
3260 124.4 105049
3270 119.4 106243
3280 122.6 107469
3290 123.1 108700
3300 125 109950
3310 121.8 111168
3320 126.8 112436
3330 120.5 113641
3340 119.8 114839
3350 127.4 116113
3360 123.1 117344
3370 123.7 118581
3380 121 119791
3390 117.5 120966
3400 125 122216
3410 125.6 123472
3420 127.9 124751
3430 120 125951
3440 123.8 127189
3450 121.7 128406
3460 116.6 129572
3470 128.7 130859
3480 120.3 132062
3490 127.2 133334
3500 125.3 134587
3510 127.4 135861
3520 120.1 137062
3530 126.7 138329
3540 119.1 139520
3550 117.5 140695
3560 124.1 141936
3570 122.7 143163
3580 127.1 144434
3590 118 145614
3600 124.9 146863
3610 227.1 149134
3620 246.7 151601
3630 238.8 153989
3640 243.9 156428
3650 241.2 158840
3660 252.5 161365
3670 237.6 163741
3680 238.5 166126
3690 239 168516
3700 249 171006
3710 247.2 173478
3720 239.6 175874
3730 242.6 178300
3740 251.4 180814
3750 237.4 183188
3760 243.1 185619
3770 244.2 188061
3780 234.7 190408
3790 240.9 192817
3800 248.9 195306
3810 240.3 197709
3820 237.9 200088
3830 244.7 202535
3840 247.2 205007
3850 243.8 207445
3860 250.6 209951
3870 242.4 212375
3880 248.1 214856
3890 237.1 217227
3900 243.6 219663
3910 234.4 222007
3920 252.4 224531
3930 242.9 226960
3940 248.9 229449
3950 244.5 231894
3960 247.3 234367
3970 241.7 236784
3980 237.8 239162
3990 246.4 241626
4000 245 244076
4010 239.1 246467
4020 244.8 248915
4030 239.1 251306
4040 241.3 253719
4050 242.1 256140
4060 245.9 258599
4070 250 261099
4080 242.4 263523
4090 244.5 265968
4100 241.9 268387
4110 237.4 270761
4120 246.4 273225
4130 237.3 275598
4140 252.7 278125
4150 241.9 280544
4160 243 282974
4170 248.7 285461
4180 246.1 287922
4190 241.2 290334
4200 241.8 292752
4210 13.6 292888
4220 0 292888
4230 0 292888
4240 0 292888
4250 0 292888
4260 0 292888
4261 0 292888
