10 3.7 37
20 3.1 68
30 3.9 107
40 3.8 145
50 3.4 179
60 3.5 214
70 3.6 250
80 4.1 291
90 2.7 318
100 4.8 366
110 3.6 402
120 4.2 444
130 4 484
140 4.3 527
150 4.6 573
160 3.3 606
170 4.4 650
180 4.2 692
190 3.7 729
200 4.7 776
210 4.5 821
220 3.6 857
230 3.4 891
240 4.6 937
250 4.4 981
260 4.6 1027
270 4.5 1072
280 3.9 1111
290 4.3 1154
300 3.4 1188
310 4 1228
320 4.7 1275
330 4.1 1316
340 3.5 1351
350 4.1 1392
360 3.1 1423
370 4.7 1470
380 3.2 1502
390 4 1542
400 3.3 1575
410 2.9 1604
420 2.7 1631
430 3.3 1664
440 5.2 1716
450 3.9 1755
460 4 1795
470 4.2 1837
480 4.4 1881
490 4.1 1922
500 4.1 1963
510 3.4 1997
520 3 2027
530 4.2 2069
540 3.3 2102
550 4.8 2150
560 4.1 2191
570 4 2231
580 4.6 2277
590 3.4 2311
600 3.9 2350
610 8.4 2434
620 8.7 2521
630 7.3 2594
640 6.5 2659
650 7.8 2737
660 6.8 2805
670 8 2885
680 9.2 2977
690 7.9 3056
700 9.3 3149
710 8.3 3232
720 8.6 3318
730 8.5 3403
740 5.8 3461
750 5.7 3518
760 8.2 3600
770 9.1 3691
780 8.5 3776
790 8.3 3859
800 7.8 3937
810 8.9 4026
820 6.9 4095
830 9.6 4191
840 6.8 4259
850 10 4359
860 7.5 4434
870 8.3 4517
880 8.4 4601
890 9.7 4698
900 9.7 4795
910 8.4 4879
920 7.7 4956
930 8 5036
940 7 5106
950 7.4 5180
960 8.5 5265
970 8.4 5349
980 8.1 5430
990 8.8 5518
1000 7.3 5591
1010 8.1 5672
1020 9.7 5769
1030 8.7 5856
1040 7.9 5935
1050 7.1 6006
1060 6.6 6072
1070 6.8 6140
1080 9.2 6232
1090 7.6 6308
1100 8.6 6394
1110 8.6 6480
1120 7.1 6551
1130 7 6621
1140 7.6 6697
1150 8.1 6778
1160 7.7 6855
1170 8 6935
1180 7.9 7014
1190 8.7 7101
1200 5 7151
1210 15.4 7305
1220 12.5 7430
1230 14.6 7576
1240 19.6 7772
1250 19.6 7968
1260 16.6 8134
1270 15.9 8293
1280 14.2 8435
1290 16.4 8599
1300 16 8759
1310 14.7 8906
1320 14.4 9050
1330 15.1 9201
1340 14.2 9343
1350 16.6 9509
1360 14.9 9658
1370 13.1 9789
1380 17.6 9965
1390 14 10105
1400 17.4 10279
1410 17.5 10454
1420 13.9 10593
1430 18.5 10778
1440 15.8 10936
1450 19 11126
1460 13.2 11258
1470 13.9 11397
1480 17.7 11574
1490 12.2 11696
1500 16.2 11858
1510 14.2 12000
1520 18 12180
1530 16.3 12343
1540 12.5 12468
1550 17.3 12641
1560 13.5 12776
1570 20.9 12985
1580 15.2 13137
1590 20.7 13344
1600 16.2 13506
1610 17.9 13685
1620 14.9 13834
1630 14.9 13983
1640 14.9 14132
1650 16 14292
1660 16.8 14460
1670 15.9 14619
1680 17 14789
1690 15.5 14944
1700 13.2 15076
1710 17.3 15249
1720 14.9 15398
1730 13.4 15532
1740 12.9 15661
1750 14.7 15808
1760 14.6 15954
1770 14.9 16103
1780 15.5 16258
1790 15.2 16410
1800 15.5 16565
1810 16.5 16730
1820 17.5 16905
1830 16.9 17074
1840 13.8 17212
1850 21.7 17429
1860 35.5 17784
1870 36.7 18151
1880 24 18391
1890 29.7 18688
1900 32.3 19011
1910 30.3 19314
1920 11 19424
1930 5.5 19479
1940 2.2 19501
1950 9.4 19595
1960 6.4 19659
1970 6.3 19722
1980 6 19782
1990 9.8 19880
2000 11.8 19998
2010 11.8 20116
2020 15.6 20272
2030 12.6 20398
2040 19.1 20589
2050 4.1 20630
2060 21.9 20849
2070 20.2 21051
2080 20.2 21253
2090 11.1 21364
2100 8.7 21451
2110 11.8 21569
2120 10.6 21675
2130 10.7 21782
2140 10.9 21891
2150 11.9 22010
2160 32.3 22333
2170 40.8 22741
2180 37.2 23113
2190 36.7 23480
2200 37.1 23851
2210 29.4 24145
2220 35.3 24498
2230 30.7 24805
2240 33.2 25137
2250 30 25437
2260 27.2 25709
2270 30.3 26012
2280 24.5 26257
2290 16.7 26424
2300 20.4 26628
2310 23.1 26859
2320 24.7 27106
2330 18.5 27291
2340 21.5 27506
2350 32.3 27829
2360 4.1 27870
2370 8.5 27955
2380 8.2 28037
2390 5.3 28090
2400 0 28090
2410 0 28090
2420 0 28090
2430 0.8 28098
2440 3.6 28134
2450 0.7 28141
2460 11.7 28258
2470 58 28838
2480 63.7 29475
2490 61.8 30093
2500 65.8 30751
2510 61.2 31363
2520 61.1 31974
2530 62.2 32596
2540 62.1 33217
2550 63.4 33851
2560 63.2 34483
2570 66.7 35150
2580 57 35720
2590 42 36140
2600 34 36480
2610 22.1 36701
2620 33.3 37034
2630 26.7 37301
2640 14.3 37444
2650 10.2 37546
2660 10.3 37649
2670 10 37749
2680 8.1 37830
2690 0.8 37838
2700 1.2 37850
2710 38.9 38239
2720 73.9 38978
2730 69.4 39672
2740 60.6 40278
2750 66.7 40945
2760 54.2 41487
2770 60.9 42096
2780 19.6 42292
2790 14 42432
2800 16.1 42593
2810 7.6 42669
2820 6 42729
2830 14.9 42878
2840 51.3 43391
2850 54.8 43939
2860 55.5 44494
2870 50.8 45002
2880 42.1 45423
2890 46.1 45884
2900 2.1 45905
2910 3.4 45939
2920 1.5 45954
2930 1.7 45971
2940 1.1 45982
2950 8.1 46063
2960 62.7 46690
2970 60.3 47293
2980 61.3 47906
2990 59 48496
3000 62 49116
3010 97.1 50087
3020 66.1 50748
3030 17.1 50919
3040 40.9 51328
3050 37.9 51707
3060 8.3 51790
3070 3.3 51823
3080 78 52603
3090 112.8 53731
3100 112.3 54854
3110 97.5 55829
3120 97.3 56802
3130 101.5 57817
3140 94.7 58764
3150 102.8 59792
3160 101.8 60810
3170 103 61840
3180 102.8 62868
3190 103.5 63903
3200 80.1 64704
3210 17.7 64881
3220 17.8 65059
3230 15.3 65212
3240 1.6 65228
3250 1.3 65241
3260 44.1 65682
3270 108.6 66768
3280 107 67838
3290 105.1 68889
3300 103.5 69924
3310 89.7 70821
3320 81.4 71635
3330 0.4 71639
3340 0.3 71642
3350 4.7 71689
3360 6.4 71753
3370 2.8 71781
3380 29.5 72076
3390 121.3 73289
3400 120.4 74493
3410 116.2 75655
3420 122.5 76880
3430 127.6 78156
3440 117.9 79335
3450 17.8 79513
3460 22.1 79734
3470 23 79964
3480 9.1 80055
3490 6.9 80124
3500 10.8 80232
3510 103.3 81265
3520 130.1 82566
3530 117.9 83745
3540 102.3 84768
3550 113 85898
3560 121.3 87111
3570 123.5 88346
3580 125.6 89602
3590 124.1 90843
3600 122.8 92071
3610 121 93281
3620 120.7 94488
3630 121.8 95706
3640 121.3 96919
3650 122.3 98142
3660 122.4 99366
3670 121.1 100577
3680 120.3 101780
3690 128.7 103067
3700 32.1 103388
3710 66.4 104052
3720 32.1 104373
3730 21 104583
3740 40.2 104985
3750 9.7 105082
3760 7.8 105160
3770 9 105250
3780 3.3 105283
3790 0.1 105284
3800 1 105294
3810 2.2 105316
3820 2.1 105337
3830 3.6 105373
3840 6.4 105437
3850 6.4 105501
3860 5.2 105553
3870 1.1 105564
3880 5.5 105619
3890 12.2 105741
3900 13.2 105873
3910 10.5 105978
3920 3.3 106011
3930 12.3 106134
3940 11.3 106247
3950 7.4 106321
3960 7.7 106398
3970 10.9 106507
3980 12 106627
3990 47.8 107105
4000 239.8 109503
4010 234 111843
4020 223.1 114074
4030 198.8 116062
4040 209.6 118158
4050 232.4 120482
4060 228.9 122771
4070 225.9 125030
4080 228.2 127312
4090 221.5 129527
4100 220.2 131729
4110 237.7 134106
4120 236.2 136468
4130 234 138808
4140 231.3 141121
4150 233.2 143453
4160 229 145743
4170 213.1 147874
4180 84.2 148716
4190 40.2 149118
4200 64.2 149760
4210 10.8 149868
4220 9.4 149962
4230 2.7 149989
4240 0.6 149995
4250 0 149995
4260 0 149995
4270 0 149995
4280 0 149995
4290 0 149995
4300 0 149995
4310 0 149995
4320 0 149995
4321 0 149995
