1830 7 70
1840 15.9 229
1850 17.6 405
1860 2.8 433
1870 5.3 486
1880 15.1 637
1890 12.9 766
1900 2.6 792
1910 3.5 827
1920 18.8 1015
1930 25 1265
1940 29.9 1564
1950 9.9 1663
1960 20.5 1868
1970 19.4 2062
1980 31.7 2379
1990 9.6 2475
2000 4.8 2523
2010 18 2703
2020 20.1 2904
2030 27.3 3177
2040 14.6 3323
2050 22.1 3544
2060 7.4 3618
2070 3.5 3653
2080 15 3803
2090 21.6 4019
2100 29.7 4316
2110 15.5 4471
2120 9.4 4565
2130 26 4825
2140 29.3 5118
2150 24.4 5362
2160 3.6 5398
2170 0.3 5401
2180 0.5 5406
2190 0.5 5411
2200 0 5411
2210 0 5411
2220 0 5411
2230 0 5411
2240 0 5411
2250 0 5411
2260 0 5411
2270 0 5411
2280 0 5411
2290 0 5411
2300 0 5411
2310 0.4 5415
2320 4.2 5457
2330 9.6 5553
2340 13.7 5690
2350 21.6 5906
2360 32.7 6233
2370 25.9 6492
2380 19.1 6683
2390 40.2 7085
2400 31.4 7399
2410 69.7 8096
2420 62.2 8718
2430 41 9128
2440 62.9 9757
2450 73 10487
2460 54.2 11029
2470 0.7 11036
2480 0.1 11037
2490 0 11037
2500 0.1 11038
2510 0 11038
2520 0 11038
2530 0 11038
2540 0 11038
2550 0 11038
2560 0 11038
2570 0 11038
2580 0 11038
2590 0.3 11041
2600 4 11081
2610 41.4 11495
2620 29.8 11793
2630 37.2 12165
2640 41.2 12577
2650 51.2 13089
2660 50.6 13595
2670 72.3 14318
2680 71.1 15029
2690 79.2 15821
2700 56.4 16385
2710 4 16425
2720 0.4 16429
2730 0.4 16433
2740 0.1 16434
2750 0 16434
2760 0 16434
2770 0 16434
2780 46.7 16901
2790 52.5 17426
2800 22.4 17650
2810 52.4 18174
2820 69.4 18868
2830 43.5 19303
2840 17.9 19482
2850 14.4 19626
2860 14.7 19773
2870 17.4 19947
2880 22.1 20168
2890 15.6 20324
2900 61 20934
2910 55 21484
2920 56.3 22047
2930 67 22717
2940 66.6 23383
2950 61.2 23995
2960 0.2 23997
2970 0.1 23998
2980 0 23998
2990 0 23998
3000 0 23998
3010 0 23998
3020 20.6 24204
3030 109.7 25301
3040 82.2 26123
3050 90.1 27024
3060 112.4 28148
3070 113.1 29279
3080 39.5 29674
3090 3.6 29710
3100 39.7 30107
3110 33.2 30439
3120 29.5 30734
3130 4.5 30779
3140 30.7 31086
3150 24.6 31332
3160 21.1 31543
3170 23.4 31777
3180 29.4 32071
3190 17.4 32245
3200 16.8 32413
3210 104.2 33455
3220 103.2 34487
3230 114.5 35632
3240 123.7 36869
3250 112.6 37995
3260 84.8 38843
3270 13.6 38979
3280 6.2 39041
3290 37.3 39414
3300 36.2 39776
3310 22.9 40005
3320 60.6 40611
3330 139.1 42002
3340 118.6 43188
3350 106.5 44253
3360 118.7 45440
3370 131.2 46752
3380 88.8 47640
3390 4.3 47683
3400 0.4 47687
3410 6.3 47750
3420 4 47790
3430 0 47790
3440 0.1 47791
3450 74.8 48539
3460 104.9 49588
3470 102.8 50616
3480 110.6 51722
3490 108.5 52807
3500 104.1 53848
3510 28.5 54133
3520 21.8 54351
3530 21.9 54570
3540 30.8 54878
3550 13.3 55011
3560 4 55051
3570 2.6 55077
3580 0 55077
3590 1.8 55095
3600 1.1 55106
3610 81.1 55917
3620 125 57167
3630 118.3 58350
3640 124.6 59596
3650 122.7 60823
3660 126.4 62087
3670 123.8 63325
3680 125.3 64578
3690 92.3 65501
3700 208.2 67583
3710 185.4 69437
3720 207.6 71513
3730 215.5 73668
3740 194.8 75616
3750 223.7 77853
3760 240.3 80256
3770 237.6 82632
3780 267.8 85310
3790 246.6 87776
3800 236.6 90142
3810 253.7 92679
3820 211.2 94791
3830 211.9 96910
3840 299.4 99904
3850 253.5 102439
3860 217 104609
3870 233.2 106941
3880 159.1 108532
3890 314.1 111673
3900 242.8 114101
3910 184 115941
3920 289.8 118839
3930 231.6 121155
3940 228.6 123441
3950 200.8 125449
3960 290.3 128352
3970 248.5 130837
3980 206.4 132901
3990 84.6 133747
4000 44.7 134194
4010 40.5 134599
4020 33.4 134933
4030 23.9 135172
4040 17.1 135343
4050 0 135343
4060 0.1 135344
4070 27.2 135616
4080 15.7 135773
4090 21.5 135988
4100 24.8 136236
4110 1.5 136251
4120 0 136251
4130 6.8 136319
4140 8.4 136403
4150 3.2 136435
4160 11.9 136554
4170 0 136554
4180 243.1 138985
4190 166.5 140650
4200 186.8 142518
4210 33.3 142851
4220 17.5 143026
4230 9.2 143118
4240 4.6 143164
4250 5.8 143222
4260 5.7 143279
4270 0.6 143285
4280 0 143285
4290 0 143285
4300 0 143285
4310 0 143285
4320 0 143285
4321 0 143285
