10 2 2
20 2 0
30 8 6
40 6 -2
50 2 -4
60 5 3
70 4 -1
80 1 -3
90 0 -1
100 0 0
110 1 1
120 11 10
130 2 -9
140 4 2
150 2 -2
160 4 2
170 4 0
180 2 -2
190 2 0
200 0 -2
210 0 0
220 0 0
230 1 1
240 0 -1
250 4 4
260 4 0
270 1 -3
280 1 0
290 0 -1
300 0 0
310 5 5
320 7 2
330 1 -6
340 5 4
350 5 0
360 5 0
370 0 -5
380 0 0
390 0 0
400 0 0
410 1 1
420 0 -1
430 1 1
440 0 -1
450 0 0
460 0 0
470 0 0
480 1 1
490 1 0
500 0 -1
510 2 2
520 6 4
530 4 -2
540 5 1
550 3 -2
560 0 -3
570 0 0
580 0 0
590 0 0
600 0 0
610 2 2
620 2 0
630 9 7
640 14 5
650 7 -7
660 10 3
670 20 10
680 4 -16
690 1 -3
700 0 -1
710 0 0
720 1 1
730 0 -1
740 0 0
750 1 1
760 0 -1
770 2 2
780 0 -2
790 1 1
800 0 -1
810 0 0
820 0 0
830 0 0
840 12 12
850 2 -10
860 5 3
870 9 4
880 8 -1
890 7 -1
900 9 2
910 8 -1
920 9 1
930 8 -1
940 7 -1
950 11 4
960 7 -4
970 5 -2
980 12 7
990 0 -12
1000 3 3
1010 0 -3
1020 0 0
1030 0 0
1040 1 1
1050 8 7
1060 4 -4
1070 13 9
1080 12 -1
1090 9 -3
1100 9 0
1110 0 -9
1120 1 1
1130 6 5
1140 11 5
1150 0 -11
1160 11 11
1170 13 2
1180 15 2
1190 10 -5
1200 0 -10
1210 5 5
1220 37 32
1230 49 12
1240 21 -28
1250 1 -20
1260 4 3
1270 0 -4
1280 0 0
1290 2 2
1300 0 -2
1310 1 1
1320 0 -1
1330 1 1
1340 2 1
1350 3 1
1360 20 17
1370 30 10
1380 25 -5
1390 50 25
1400 52 2
1410 31 -21
1420 55 24
1430 58 3
1440 62 4
1450 15 -47
1460 31 16
1470 25 -6
1480 7 -18
1490 36 29
1500 43 7
1510 66 23
1520 51 -15
1530 48 -3
1540 90 42
1550 81 -9
1560 87 6
1570 42 -45
1580 48 6
1590 25 -23
1600 14 -11
1610 1 -13
1620 1 0
1630 1 0
1640 2 1
1650 2 0
1660 1 -1
1670 13 12
1680 0 -13
1690 1 1
1700 2 1
1710 0 -2
1720 1 1
1730 27 26
1740 40 13
1750 50 10
1760 60 10
1770 84 24
1780 83 -1
1790 84 1
1800 80 -4
1810 232 152
1820 375 143
1830 444 69
1840 446 2
1850 373 -73
1860 308 -65
1870 212 -96
1880 167 -45
1890 65 -102
1900 39 -26
1910 5 -34
1920 0 -5
1930 0 0
1940 21 21
1950 143 122
1960 185 42
1970 231 46
1980 162 -69
1990 232 70
2000 398 166
2010 442 44
2020 408 -34
2030 302 -106
2040 269 -33
2050 335 66
2060 354 19
2070 433 79
2080 403 -30
2090 380 -23
2100 326 -54
2110 371 45
2120 455 84
2130 431 -24
2140 354 -77
2150 304 -50
2160 242 -62
2170 169 -73
2180 104 -65
2190 36 -68
2200 3 -33
2210 5 2
2220 5 0
2230 1 -4
2240 5 4
2250 4 -1
2260 6 2
2270 3 -3
2280 99 96
2290 216 117
2300 329 113
2310 413 84
2320 443 30
2330 488 45
2340 473 -15
2350 247 -226
2360 199 -48
2370 193 -6
2380 230 37
2390 95 -135
2400 96 1
2410 3 -93
2420 13 10
2430 232 219
2440 198 -34
2450 57 -141
2460 17 -40
2470 12 -5
2480 11 -1
2490 4 -7
2500 8 4
2510 2 -6
2520 5 3
2530 8 3
2540 8 0
2550 11 3
2560 7 -4
2570 7 0
2580 0 -7
2590 240 240
2600 495 255
2610 513 18
2620 513 0
2630 498 -15
2640 529 31
2650 590 61
2660 609 19
2670 443 -166
2680 286 -157
2690 137 -149
2700 168 31
2710 375 207
2720 261 -114
2730 219 -42
2740 196 -23
2750 146 -50
2760 251 105
2770 257 6
2780 194 -63
2790 193 -1
2800 184 -9
2810 447 263
2820 331 -116
2830 320 -11
2840 226 -94
2850 141 -85
2860 92 -49
2870 43 -49
2880 38 -5
2890 55 17
2900 92 37
2910 172 80
2920 205 33
2930 179 -26
2940 116 -63
2950 62 -54
2960 7 -55
2970 7 0
2980 2 -5
2990 7 5
3000 7 0
3010 230 223
3020 527 297
3030 535 8
3040 528 -7
3050 521 -7
3060 519 -2
3070 531 12
3080 632 101
3090 731 99
3100 432 -299
3110 336 -96
3120 299 -37
3130 442 143
3140 427 -15
3150 392 -35
3160 359 -33
3170 348 -11
3180 335 -13
3190 364 29
3200 602 238
3210 591 -11
3220 587 -4
3230 518 -69
3240 522 4
3250 521 -1
3260 551 30
3270 569 18
3280 633 64
3290 448 -185
3300 231 -217
3310 351 120
3320 218 -133
3330 66 -152
3340 67 1
3350 248 181
3360 262 14
3370 77 -185
3380 127 50
3390 146 19
3400 127 -19
3410 146 19
3420 200 54
3430 179 -21
3440 277 98
3450 626 349
3460 624 -2
3470 573 -51
3480 612 39
3490 714 102
3500 752 38
3510 700 -52
3520 411 -289
3530 249 -162
3540 174 -75
3550 169 -5
3560 138 -31
3570 124 -14
3580 106 -18
3590 38 -68
3600 42 4
3610 401 359
3620 403 2
3630 401 -2
3640 405 4
3650 406 1
3660 401 -5
3670 404 3
3680 404 0
3690 537 133
3700 539 2
3710 542 3
3720 534 -8
3730 577 43
3740 613 36
3750 602 -11
3760 577 -25
3770 538 -39
3780 258 -280
3790 251 -7
3800 293 42
3810 173 -120
3820 486 313
3830 878 392
3840 347 -531
3850 241 -106
3860 350 109
3870 393 43
3880 713 320
3890 590 -123
3900 543 -47
3910 737 194
3920 654 -83
3930 612 -42
3940 523 -89
3950 514 -9
3960 418 -96
3970 331 -87
3980 538 207
3990 579 41
4000 886 307
4010 576 -310
4020 141 -435
4030 370 229
4040 493 123
4050 672 179
4060 809 137
4070 752 -57
4080 721 -31
4090 728 7
4100 728 0
4110 528 -200
4120 713 185
4130 765 52
4140 827 62
4150 957 130
4160 998 41
4170 994 -4
4180 514 -480
4190 806 292
4200 750 -56
4210 561 -189
4220 292 -269
4230 173 -119
4240 121 -52
4250 63 -58
4260 6 -57
4270 0 -6
4280 0 0
4290 0 0
4300 0 0
4310 0 0
4320 0 0
4321 0 0
