10 3.9 6.601581280048077 9.639557079484101 52.60888671875 4.159912109375 0 0
20 3.1 4.578069871471773 0.6702640727059568 52.60888671875 4.159912109375 6.601581280048077 39
30 4.5 4.399777560763888 0.15286896960663757 52.60888671875 4.096923828125 5.705454799107143 70
40 3.6 4.416110568576388 0.49771507123754355 52.60888671875 3.906982421875 5.194537618885869 115
50 3 4.332063802083334 0.08110192654776857 52.60888671875 3.906982421875 5.0089523618584435 151
60 3.8 4.3692177220394735 0.18958852718116512 52.60888671875 3.906982421875 4.896760887862569 181
70 3.5 6.96123046875 8.990884276910132 52.60888671875 3.906982421875 4.805223717537101 219
80 3.8 11.657329358552632 4.028992364534723 52.60888671875 3.906982421875 5.102311261995571 254
90 2.6 14.516122671274038 2.3467499176946807 52.60888671875 3.906982421875 5.955361562232449 292
100 4.8 13.733769734700521 0.44452023436531163 52.60888671875 3.906982421875 6.655298005110063 318
110 3.7 13.835515202702704 0.4438689449959432 52.60888671875 3.906982421875 7.583622166367828 366
120 5.2 7.2068622295673075 4.4688957198647055 52.60888671875 3.906982421875 8.157617308661601 403
130 3.1 14.792661605342742 28.717400821262054 147.90283203125 3.906982421875 8.04895958533654 455
140 4.5 5.595214843750001 3.2031250988306375 147.90283203125 3.906982421875 8.479113417888376 486
150 4.3 13.967960801235465 0.4418293736706388 147.90283203125 3.906982421875 8.234715233639362 531
160 3.6 4.929124620225694 2.252899711948116 147.90283203125 3.906982421875 8.66420923957426 574
170 4.4 4.372358842329546 0.10411725672039301 147.90283203125 3.906982421875 8.443778016137296 610
180 4 4.382678222656251 0.14789093128380185 147.90283203125 3.906982421875 8.169859906584481 654
190 3.7 11.944269953547296 9.11677412082165 147.90283203125 3.906982421875 7.951578541516572 694
200 4.5 13.81904296875 0.4240377915612549 147.90283203125 3.906982421875 8.153670993288305 731
210 4.5 13.862760416666667 0.5543501557339781 147.90283203125 3.906982421875 8.48220416196843 776
220 3.6 13.866814507378471 0.43231681569076663 147.90283203125 3.906982421875 8.77711893841352 821
230 3.5 13.803383091517857 0.41784510065316544 147.90283203125 3.906982421875 8.990921786118 857
240 4.5 13.877522786458334 0.6374967059713128 147.90283203125 3.906982421875 9.179751545859025 892
250 4.8 5.050191243489584 2.2550407569307946 147.90283203125 3.906982421875 9.405364892526014 937
260 4.6 5.438625169836958 6.646529630391506 147.90283203125 3.906982421875 9.193133080187183 985
270 4.2 10.618762788318454 4.388194395835007 147.90283203125 3.906982421875 9.025618663236543 1031
280 3.9 13.923233423477564 0.5692831431314131 147.90283203125 3.906982421875 9.087978451916356 1073
290 4.2 13.855247860863095 0.4299843388192184 147.90283203125 3.906982421875 9.257560235990894 1112
300 3.4 13.813770967371324 0.6709999872646076 147.90283203125 3.906982421875 9.424893754400454 1154
310 4.5 11.924430338541667 7.169674146129591 147.90283203125 3.906982421875 9.55050135140467 1188
320 4.9 4.417749521683674 0.19985455170714256 147.90283203125 3.906982421875 9.637141095460764 1233
330 3.5 4.407310267857142 0.07775326036708563 147.90283203125 3.906982421875 9.437647969785978 1282
340 3.9 4.422569861778845 0.09037016765086228 147.90283203125 3.906982421875 9.30396397618878 1317
350 4 4.357751464843751 0.1115146820586507 147.90283203125 3.906982421875 9.163569897676988 1356
360 3.2 4.3667144775390625 0.08176738301846954 147.90283203125 3.906982421875 9.025867363784917 1396
370 4.2 8.045764741443453 9.999724879227175 147.90283203125 3.906982421875 8.921460576418063 1428
380 3.2 13.626022338867188 0.43012081508433625 147.90283203125 3.906982421875 8.89644069541879 1470
390 4 13.710125732421876 0.5381573787486538 147.90283203125 3.906982421875 8.997204085958302 1502
400 3.3 13.61956972064394 0.4122756958999124 147.90283203125 3.906982421875 9.119458862779666 1542
410 3 13.705607096354166 0.46818424450660484 147.90283203125 3.906982421875 9.213746899801583 1575
420 2.6 13.746366060697115 0.4597798315145289 147.90283203125 3.906982421875 9.297706903475463 1605
430 3.4 13.665340647977942 0.44842320727993074 147.90283203125 3.906982421875 9.368623603713209 1631
440 5.1 14.201277190563726 2.943395187384565 147.90283203125 3.906982421875 9.45636437218468 1665
450 3.9 13.87294671474359 0.4466210545025583 147.90283203125 3.906982421875 9.597384508395246 1716
460 4 14.167864990234374 1.3337202365108516 147.90283203125 3.906982421875 9.692397001869654 1755
470 4.2 13.947689964657737 0.5120343699888098 147.90283203125 3.906982421875 9.792128879047699 1795
480 4.5 13.899392361111111 0.4484555154718625 147.90283203125 3.906982421875 9.887138985523269 1837
490 4.1 13.835502810594512 0.45678140615442037 147.90283203125 3.906982421875 9.983074905768461 1882
500 4 13.976776123046875 0.6428191343202977 147.90283203125 3.906982421875 10.065211954181288 1923
510 3.6 9.365960015190971 4.7690499200183165 147.90283203125 3.906982421875 10.144917795625314 1963
520 3.4 4.407987706801471 0.14169208058088265 147.90283203125 3.906982421875 10.13088954145041 1999
530 4 4.364013671874999 0.11768756981521934 147.90283203125 3.906982421875 10.035179427147376 2033
540 3.4 4.328089096966913 0.12125882231088866 147.90283203125 3.906982421875 9.925750276056737 2073
550 4.6 4.345708432404892 0.09153664783280499 147.90283203125 3.906982421875 9.835422568373277 2107
560 3.8 12.719681589226974 8.606257111545903 147.90283203125 3.906982421875 9.718131880842135 2153
570 4 14.11329345703125 1.2895395493803645 147.90283203125 3.906982421875 9.770189794543013 2191
580 4.6 13.735861073369565 0.4280558696650717 147.90283203125 3.906982421875 9.848058080737335 2231
590 3.4 13.818603515625 0.4611655229415232 147.90283203125 3.906982421875 9.926599555335965 2277
600 3.9 13.647629957932692 0.4628710889591891 147.90283203125 3.906982421875 9.983859674180547 2311
610 8.6 13.734312545421512 0.4307655137908844 147.90283203125 3.906982421875 10.044662670378987 2350
620 8.7 14.008710488505747 1.663579665816869 147.90283203125 3.906982421875 10.174921245606267 2436
630 8 7.626983642578128 4.549920848563915 147.90283203125 3.906982421875 10.307120874671767 2523
640 7 4.351719447544643 0.3076104113762678 147.90283203125 3.906982421875 10.224750156820253 2603
650 7.1 4.36210868727993 0.24215013568404384 147.90283203125 3.906982421875 10.070948379921902 2673
660 7.1 4.376186317121481 0.09691804032678912 147.90283203125 3.906982421875 9.923234233355728 2744
670 9 4.37009548611111 0.11719285539862487 147.90283203125 3.906982421875 9.783326452875219 2815
680 7.5 8.038203125 7.449288916239936 147.90283203125 3.906982421875 9.615618780927278 2905
690 7.7 13.703077440137987 0.4245304610994013 147.90283203125 3.906982421875 9.575918722472732 2980
700 9.2 13.748176906419838 0.4698162839018183 147.90283203125 3.906982421875 9.679873979672674 3057
710 8.3 13.965211431664157 2.2252923976189765 147.90283203125 3.906982421875 9.798731988329624 3149
720 8.7 13.793319526760058 0.44710481427137266 147.90283203125 3.906982421875 9.905730068093476 3232
730 8.4 13.811290922619047 0.43838755584637423 147.90283203125 3.906982421875 10.007634341339632 3319
740 5.8 14.582553205818966 5.974193186488283 147.90283203125 3.906982421875 10.10152418936416 3403
750 5.8 13.70819723195043 0.450370132119951 147.90283203125 3.906982421875 10.176618001255052 3461
760 8.1 13.755259572723766 0.44549624349747236 147.90283203125 3.906982421875 10.234825331570576 3519
770 9.2 13.760986328125 0.44163916982463347 147.90283203125 3.906982421875 10.314035101996524 3600
780 8.4 13.661699567522321 0.4471531088661346 147.90283203125 3.906982421875 10.399928794521935 3692
790 8.3 13.795842549887048 0.572775381622842 147.90283203125 3.906982421875 10.472489373158597 3776
800 7.8 13.894402919671474 0.5168270849702687 147.90283203125 3.906982421875 10.543968594114403 3859
810 8.9 14.02246368065309 0.9694716619643862 147.90283203125 3.906982421875 10.610347531730216 3937
820 6.9 13.717387766077898 0.4663630658570482 147.90283203125 3.906982421875 10.68577682563338 4026
830 9.6 13.841458638509115 0.6018404343034349 147.90283203125 3.906982421875 10.73685891473977 4095
840 8 7.546221923828125 6.314120682877462 147.90283203125 3.906982421875 10.807973582714444 4191
850 8.9 7.642383361130618 4.443900508604739 147.90283203125 3.906982421875 10.746877789525284 4271
860 7.9 13.305824762658228 2.339839981131875 147.90283203125 3.906982421875 10.683506228945667 4360
870 8.7 4.443724182830459 0.16546536313110324 147.90283203125 3.906982421875 10.73017511026202 4439
880 8.3 4.417451054216867 0.33151229520230463 147.90283203125 3.906982421875 10.609335244887177 4526
890 9.6 4.3949330647786455 0.21671016201659124 147.90283203125 3.906982421875 10.497830278988795 4609
900 9.9 4.38555723248106 0.22046028046525554 147.90283203125 3.906982421875 10.373307827859323 4705
910 8.3 4.4647996282003 0.43286015957937934 147.90283203125 3.906982421875 10.249913300602362 4804
920 7.8 4.355058718950319 0.12980974564221898 147.90283203125 3.906982421875 10.151659886481353 4887
930 7.9 4.921751384493671 5.134694131350976 147.90283203125 3.906982421875 10.060595457263341 4965
940 6.9 4.367509482563407 0.15023657675164104 147.90283203125 3.906982421875 9.980109992999106 5044
950 7.8 4.352129031450321 0.11588314932464205 147.90283203125 3.906982421875 9.904367877759508 5113
960 8.1 4.469813970871915 1.1112019192547216 147.90283203125 3.906982421875 9.820939900488826 5191
970 8.2 4.410983946265244 0.3322982344213909 147.90283203125 3.906982421875 9.738724194817548 5272
980 8.8 4.345364657315341 0.10852673305647033 147.90283203125 3.906982421875 9.657126380028366 5354
990 7.6 8.271638569078947 7.447870946560356 147.90283203125 3.906982421875 9.571232401417792 5442
1000 7.6 13.851061369243421 0.5707135992288848 147.90283203125 3.906982421875 9.553332957550856 5518
1010 7.8 13.849290114182692 0.6059531802782984 147.90283203125 3.906982421875 9.611721831217041 5594
1020 9.7 13.695823433472938 0.4526808441537385 147.90283203125 3.906982421875 9.669995866137937 5672
1030 8.7 13.869482983117816 0.9158886503148502 147.90283203125 3.906982421875 9.7376861545816 5769
1040 8 13.664056396484378 0.4294509687069433 147.90283203125 3.906982421875 9.799070431235057 5856
1050 7.8 11.594410431690706 6.1564016086545985 147.90283203125 3.906982421875 9.851159190874535 5936
1060 6.2 4.404379567792339 0.1121045050436224 147.90283203125 3.906982421875 9.873768701480397 6014
1070 7.7 4.483090883725651 0.2808611120281802 147.90283203125 3.906982421875 9.817958608279499 6076
1080 9.1 4.364786336710163 0.12344173638891932 147.90283203125 3.906982421875 9.7511968961406 6153
1090 7.3 4.370572024828766 0.14065487754756123 147.90283203125 3.906982421875 9.672695396956076 6244
1100 8.6 4.3664437227470945 0.11760924929932065 147.90283203125 3.906982421875 9.611423431439961 6317
1110 7.7 12.674069094967532 3.05596858180513 147.90283203125 3.906982421875 9.540977038351162 6403
1120 7.2 14.099667019314237 1.3002824189567075 147.90283203125 3.906982421875 9.57820668161651 6480
1130 7.5 7.304990234375001 4.404384452737865 147.90283203125 3.906982421875 9.627893058953848 6552
1140 8.1 9.906876929012345 4.721260783852182 147.90283203125 3.906982421875 9.601603982170476 6627
1150 7 11.980719866071428 7.166863846425991 147.90283203125 3.906982421875 9.6052901939615 6708
1160 8.8 4.4839838201349425 0.9654769613532039 147.90283203125 3.906982421875 9.629822515744872 6778
1170 8.2 4.446068740472561 0.37746833334210167 147.90283203125 3.906982421875 9.56386944187163 6866
1180 8.1 4.934639636381174 5.074009020627456 147.90283203125 3.906982421875 9.503469376023224 6948
1190 8.2 11.025209008193594 5.954745182853758 147.90283203125 3.906982421875 9.450819609497259 7029
1200 4 4.3290771484375 0.09071415757694781 147.90283203125 3.906982421875 9.46897457092225 7111
1210 15.9 10.571534738600626 4.464620684477392 147.90283203125 3.906982421875 9.440223921097134 7151
1220 15.7 4.34951607285032 0.23394475518528357 147.90283203125 3.880126953125 9.46483109209345 7310
1230 15.8 4.555239134196992 1.759437773953352 147.90283203125 3.880126953125 9.35727726083308 7467
1240 16.7 8.159375584767961 6.075289524778605 147.90283203125 3.880126953125 9.25777273309426 7625
1250 17.7 13.834577484992936 0.810448105816668 147.90283203125 3.880126953125 9.234231623780799 7792
1260 16.9 13.769255327755177 0.46353062697669145 147.90283203125 3.880126953125 9.336410218012766 7969
1270 15.5 13.818272744455646 0.474307358448326 147.90283203125 3.880126953125 9.428466106873232 8138
1280 14.2 13.720708282900528 0.4482880504528341 147.90283203125 3.880126953125 9.510513620297237 8293
1290 16.5 13.771046401515152 0.4890867885534055 147.90283203125 3.880126953125 9.581390637735254 8435
1300 15.9 14.065693789308176 3.698966487739658 147.90283203125 3.880126953125 9.661773568086844 8600
1310 14.8 13.804956384607266 0.648431091463167 147.90283203125 3.880126953125 9.741716862432568 8759
1320 14.3 13.79782595334353 0.70544730724823 147.90283203125 3.880126953125 9.809232237899263 8907
1330 15.2 13.776113409745065 0.4430023521979002 147.90283203125 3.880126953125 9.872256425889155 9050
1340 14.3 14.65341762729458 8.98342302864747 147.90283203125 3.880126953125 9.936740914211923 9202
1350 16.6 13.819909520896084 0.7417843673224928 147.90283203125 3.880126953125 10.008916919559255 9345
1360 16.7 12.568248269086826 4.722298026034693 147.90283203125 3.880126953125 10.07543198336137 9511
1370 14.1 4.369516359153369 0.2084750400697841 147.90283203125 3.880126953125 10.118447102158244 9678
1380 17.1 7.292551854897661 4.380335814057321 147.90283203125 3.880126953125 10.035892948500674 9819
1390 16.5 4.433686967329549 1.043338283015268 147.90283203125 3.880126953125 9.988934857709271 9990
1400 17.6 7.1596762917258525 4.330912209626589 147.90283203125 3.880126953125 9.898672336595274 10155
1410 15.4 7.544555664062503 4.445631473819099 147.90283203125 3.880126953125 9.852010512580462 10331
1420 16.3 4.959161114838958 4.7791586680532 147.90283203125 3.880126953125 9.818119425630364 10485
1430 18.8 5.9011710958277925 3.4325028972957994 147.90283203125 3.880126953125 9.743738301977189 10648
1440 16.2 5.719813970871914 3.3641327026616845 147.90283203125 3.880126953125 9.67707139216212 10836
1450 14.3 11.553541917067305 4.153832551877218 147.90283203125 3.880126953125 9.618781184647206 10998
1460 14.8 4.332834604624154 0.14371029738500954 147.90283203125 3.880126953125 9.643614752974651 11141
1470 13.3 4.350391359257515 0.1405166353754151 147.90283203125 3.880126953125 9.5739898559992 11289
1480 15.9 6.625990381780663 4.02464013455966 147.90283203125 3.880126953125 9.513165254347419 11422
1490 15.1 8.570928510451155 4.643146416976516 147.90283203125 3.880126953125 9.473526120875515 11581
1500 16.9 7.305327466253701 4.392849942151372 147.90283203125 3.880126953125 9.461908984907728 11732
1510 16.5 4.3763745857007565 0.17893087483234582 147.90283203125 3.880126953125 9.431284476324203 11901
1520 16.5 10.472492009943181 4.664030454973973 147.90283203125 3.880126953125 9.362159651862669 12066
1530 16 7.493621826171875 4.393065109816653 147.90283203125 3.880126953125 9.377138381245652 12231
1540 16.7 4.419264011040419 0.5496751785442548 147.90283203125 3.880126953125 9.352817289419988 12391
1550 16.4 10.870316668254576 5.9461702866596 147.90283203125 3.880126953125 9.287209438051189 12558
1560 14.1 7.98679216533688 4.610048774249686 147.90283203125 3.880126953125 9.307617360213849 12722
1570 16.4 10.557466832602897 4.498646788172598 147.90283203125 3.880126953125 9.293138906316807 12863
1580 15.8 7.709619449663761 4.529534775291323 147.90283203125 3.880126953125 9.30905583115836 13027
1590 18.3 14.082584902237022 2.1012816438107405 147.90283203125 3.880126953125 9.289889282180269 13185
1600 15.1 13.751474544701983 0.4440537055216276 147.90283203125 3.880126953125 9.355498445740292 13368
1610 16.7 13.987202353106287 3.55233720971183 147.90283203125 3.880126953125 9.40459914778506 13519
1620 14.9 13.651898070469798 0.4715595573788952 147.90283203125 3.880126953125 9.460517219923643 13686
1630 14.9 13.78438450346057 0.7045635536148707 147.90283203125 3.880126953125 9.505657497967112 13835
1640 15 13.813671875 0.7467726548220074 147.90283203125 3.880126953125 9.551247481077706 13984
1650 15.9 13.90781925609277 1.3744230950740262 147.90283203125 3.880126953125 9.596483342057494 14134
1660 16.8 13.809254964192709 0.8523101221892307 147.90283203125 3.880126953125 9.644444050819239 14293
1670 17.1 13.55966311449196 4.895935431177717 147.90283203125 3.880126953125 9.692828549363373 14461
1680 15.7 8.281018299661625 4.626656252867522 147.90283203125 3.880126953125 9.73801913921008 14632
1690 15.6 14.065550192808493 0.9728951247735509 147.90283203125 3.880126953125 9.722551620661894 14789
1700 13.3 10.078356291118425 4.653435392105035 147.90283203125 3.880126953125 9.767885028306917 14945
1710 17.1 13.758237961440061 0.5086692418409446 147.90283203125 3.880126953125 9.770623632760685 15078
1720 15 13.522444661458334 1.8990767803488344 147.90283203125 3.880126953125 9.815340142053373 15249
1730 16 10.04991760253906 8.189172520454687 147.90283203125 3.880126953125 9.851450647794703 15399
1740 14.2 4.3923563352772925 0.49330981795868695 147.90283203125 3.880126953125 9.853491570267812 15559
1750 15.6 4.3875090770232354 0.31360039776188486 147.90283203125 3.880126953125 9.804101008942503 15701
1760 15.7 4.463470653363854 0.9381379455209844 147.90283203125 3.880126953125 9.75081297581017 15857
1770 17.3 4.394697773663295 0.3276653012372975 147.90283203125 3.880126953125 9.698976286374423 16014
1780 15.4 4.670649540888797 3.6636902407133904 147.90283203125 3.880126953125 9.642286338718957 16187
1790 15.3 5.108896292892157 5.3194326614616045 147.90283203125 3.880126953125 9.59543289848483 16341
1800 15.1 4.34554467611755 0.15558529922075176 147.90283203125 3.880126953125 9.553815334482426 16494
1810 31.7 4.356504614796925 0.22302965447836787 147.90283203125 3.880126953125 9.506566979456105 16645
1820 31.7 4.33486774817626 0.1939258518517156 147.90283203125 3.880126953125 9.410318319534106 16962
1830 30.9 4.341634114583333 0.24287686268634473 147.90283203125 3.880126953125 9.317204260206573 17279
1840 29.9 4.335831351902177 0.15974489165938788 147.90283203125 3.880126953125 9.229789478821676 17588
1850 32 7.482238006591795 5.906058772265811 147.90283203125 3.880126953125 9.147981826339485 17887
1860 31.8 12.13257757222877 3.565463041292441 147.90283203125 3.880126953125 9.11870528312428 18207
1870 32.4 13.661910445601851 0.6745286551188712 147.90283203125 3.880126953125 9.170441390435222 18525
1880 34.6 10.167833273121389 4.622044932159724 147.90283203125 3.880126953125 9.247646333608547 18849
1890 32.4 12.893701623987269 2.741773238810016 147.90283203125 3.880126953125 9.264233188574499 19195
1900 32.3 13.770278788941564 0.5176106586075752 147.90283203125 3.880126953125 9.324479501043054 19519
1910 30.4 13.779749820106908 0.7220513938930696 147.90283203125 3.880126953125 9.396850893543368 19842
1920 29.3 7.83221123080204 4.575488486987831 147.90283203125 3.880126953125 9.462988155216916 20146
1930 30.5 6.155068519467215 3.888817004384325 147.90283203125 3.880126953125 9.439610414679045 20439
1940 34.1 4.888116293988273 2.305476811690678 147.90283203125 3.880126953125 9.391317641923568 20744
1950 31.6 5.333703922320013 2.9308898800682184 147.90283203125 3.880126953125 9.318489012108726 21085
1960 31.1 4.3778292051848915 1.0985662187335299 147.90283203125 3.880126953125 9.259651009754947 21401
1970 30.3 4.418142790841583 0.7656072924288653 147.90283203125 3.880126953125 9.189724398608057 21712
1980 30.8 4.676292518516641 3.6019912683480126 147.90283203125 3.880126953125 9.124051483452334 22015
1990 26.4 4.3566533868963075 0.5279406424897535 147.90283203125 3.880126953125 9.062683846432211 22323
2000 33.2 4.345533256071159 0.42439504947060386 147.90283203125 3.880126953125 9.007679107364718 22587
2010 34.2 4.313946283351611 0.27716447135834044 147.90283203125 3.842041015625 8.940144205203651 22919
2020 32.3 4.380182130417954 0.35598960986336087 147.90283203125 3.842041015625 8.872126506511703 23261
2030 29.3 4.315367194165956 0.14427745187691218 147.90283203125 3.842041015625 8.810606067507367 23584
2040 30.4 8.004316631116358 5.38516854894926 147.90283203125 3.842041015625 8.755443987267428 23877
2050 32.8 4.3132517744855186 0.44353802602100895 147.90283203125 3.784912109375 8.746000923859384 24181
2060 31.2 7.635131835937506 4.511975251777099 147.90283203125 3.784912109375 8.686678155856013 24509
2070 31.6 5.848572549940668 3.5106247523292953 147.90283203125 3.781005859375 8.673460217343681 24821
2080 32.2 5.874360836810947 3.539468348896734 147.90283203125 3.781005859375 8.637948242847944 25137
2090 30.4 4.315610383686271 0.3467586211064037 147.90283203125 3.781005859375 8.602994978982753 25459
2100 33 4.655328924005681 3.3874764264910344 147.90283203125 3.781005859375 8.552404406573867 25763
2110 31.8 4.345530383991751 0.20590602284451623 147.90283203125 3.781005859375 8.503117819778653 26093
2120 28.4 4.333330181283012 0.26567725804570447 147.90283203125 3.781005859375 8.453058647290666 26411
2130 34.3 4.326216717155612 0.24350506465063587 147.90283203125 3.781005859375 8.409230106951794 26695
2140 32.5 4.38689978966346 0.8212189753499631 147.90283203125 3.781005859375 8.357433613398275 27038
2150 31.3 4.314616145417331 0.3695357887231721 147.90283203125 3.781005859375 8.310274183046566 27363
2160 29.7 12.677569970538718 5.3576618934188405 147.90283203125 3.781005859375 8.265085537079738 27676
2170 33.7 13.766006786674703 0.6702169995821634 147.90283203125 3.781005859375 8.311934565669354 27973
2180 31.3 13.749011737470047 0.8261440644044754 147.90283203125 3.781005859375 8.376859409840275 28310
2190 30.4 13.777164660002056 0.8894867786706724 147.90283203125 3.781005859375 8.435605302253652 28623
2200 33.5 13.69179833255597 0.5827663209003309 147.90283203125 3.781005859375 8.491740886474467 28927
2210 29.9 14.067874359845314 3.4696776463896546 147.90283203125 3.781005859375 8.551272676660965 29262
2220 35.2 14.619557467373935 8.512157787319758 147.90283203125 3.781005859375 8.607071327020293 29561
2230 30.4 13.788881803813734 0.6059568407449032 147.90283203125 3.781005859375 8.677823010950506 29913
2240 33.6 16.92768423897879 12.404163271258376 147.90283203125 3.781005859375 8.729243134491243 30217
2250 29.9 13.721685403166804 0.6145613676627633 147.90283203125 3.781005859375 8.819403714830582 30553
2260 27.3 13.7214114010989 0.6663432639747497 147.90283203125 3.781005859375 8.866913834913964 30852
2270 30.1 13.675932925404897 0.4789536793490242 147.90283203125 3.781005859375 8.90949304248243 31125
2280 34.1 9.468642606763197 5.216634710535102 147.90283203125 3.781005859375 8.955146272443598 31426
2290 28.4 4.329926826584505 0.13403120111932518 147.90283203125 3.781005859375 8.960658352589755 31767
2300 31.7 5.669351956821768 3.3287140156586146 147.90283203125 3.781005859375 8.919626005599474 32051
2310 31.9 6.2476994146747655 3.8269393235118976 147.90283203125 3.781005859375 8.887794045840993 32368
2320 31.9 7.020631796140279 4.252927701323183 147.90283203125 3.781005859375 8.862028751156805 32687
2330 32.6 4.887251216209736 2.2662263022803306 147.90283203125 3.781005859375 8.844231816397965 33006
2340 33.7 6.101193029024481 4.577660903709253 147.90283203125 3.781005859375 8.805530998095392 33332
2350 31.3 10.939236284444897 4.313018449355065 147.90283203125 3.781005859375 8.778462718800585 33669
2360 32 4.302098083496093 0.1334554329779497 147.90283203125 3.781005859375 8.798365082582782 33982
2370 33.8 5.821921083348744 3.4472069055385925 147.90283203125 3.781005859375 8.756419847911108 34302
2380 31 5.909030052923385 3.58701867206729 147.90283203125 3.781005859375 8.727786459273057 34640
2390 32 5.9004974365234375 3.5002715703314244 147.90283203125 3.781005859375 8.70278461418097 34950
2400 31.5 4.5133889818948445 2.710987247832766 147.90283203125 3.781005859375 8.677359836839026 35270
2410 60.4 4.314268806912258 0.3972368501374931 147.90283203125 3.781005859375 8.640500181947711 35585
2420 63.2 4.2665123275563674 0.14014981007859448 147.90283203125 3.781005859375 8.568294712039137 36189
2430 63.7 4.327558532427398 0.25181143199304246 147.90283203125 3.781005859375 8.494458410282174 36821
2440 63 4.282296704489088 0.1654269984238764 147.90283203125 3.781005859375 8.423597306587544 37458
2450 59.7 4.309739616048999 0.2593020392988969 147.90283203125 3.781005859375 8.355097532923343 38088
2460 61.9 6.2431490748687395 3.8616551436173228 147.90283203125 3.781005859375 8.292668201751727 38685
2470 58.2 13.808680583521266 1.221145731672491 147.90283203125 3.781005859375 8.260390257024968 39304
2480 63.7 13.733664807569657 0.616468434143999 147.90283203125 3.781005859375 8.341348612588845 39886
2490 61.1 13.775047789228724 0.8507711874965904 147.90283203125 3.781005859375 8.426112954226996 40523
2500 66.3 13.749367001908936 0.5246132368843326 147.90283203125 3.781005859375 8.505565455422747 41134
2510 60.6 13.760389271349009 0.6909369596981239 147.90283203125 3.781005859375 8.58874464113752 41797
2520 61.3 15.178486312194128 10.504606497161342 161.7451171875 3.781005859375 8.66265489856997 42403
2530 62.5 13.805729296875002 0.9473290090533719 161.7451171875 3.781005859375 8.755508828655325 43016
2540 62.1 13.829101169358896 0.8475545602525646 161.7451171875 3.781005859375 8.82783503091094 43641
2550 63.8 13.75005319051234 0.5887010391948696 161.7451171875 3.781005859375 8.898003262621575 44262
2560 62.5 13.8236328125 0.8902869419916314 161.7451171875 3.781005859375 8.966947758256193 44900
2570 66.9 13.77847613917694 1.108566442819543 161.7451171875 3.781005859375 9.033623829841089 45525
2580 56.4 13.769877548758869 0.6819431537120263 161.7451171875 3.781005859375 9.102340680404922 46194
2590 66.3 1263.3306790865372 1625.9764689877345 5051.235107421875 3.781005859375 9.158641009626693 46758
2600 63.5 6.839327402189958 4.267183032383726 5051.235107421875 3.781005859375 26.69340538079119 47421
2610 65.3 5.111912118348007 2.698180684157145 5051.235107421875 3.781005859375 26.43105854550711 48056
2620 63.1 6.787063332631737 4.159750918776558 5051.235107421875 3.781005859375 26.14525094081527 48709
2630 62.3 5.904048031826847 3.5848045411334235 5051.235107421875 3.781005859375 25.897682712587386 49340
2640 58.7 5.87823704682176 4.236910037609715 5051.235107421875 3.781005859375 25.648377538636385 49963
2650 67.5 4.566316189236108 2.866563988621439 5051.235107421875 3.781005859375 25.418801426496024 50550
2660 62.8 4.280938604075438 0.18975247220646815 5051.235107421875 3.781005859375 25.144024900675618 51225
2670 65.7 4.263314396641928 0.16439206645205245 5051.235107421875 3.781005859375 24.891348716187448 51853
2680 63.5 4.269596610482282 0.24001289015015795 5051.235107421875 3.781005859375 24.633252762122673 52510
2690 65.1 4.303109774025539 0.3555359360298085 5051.235107421875 3.781005859375 24.389938778562758 53145
2700 60.7 4.323713978197077 0.27796831830710594 5051.235107421875 3.781005859375 24.146862607807428 53796
2710 63.6 8.240103475702634 5.363293400343775 5051.235107421875 3.781005859375 23.925686363516242 54403
2720 62.7 12.919916813073172 2.7269067614059295 5051.235107421875 3.781005859375 23.744432512308016 55039
2730 65.7 12.140383832167993 3.595382596425471 5051.235107421875 3.781005859375 23.622509411251354 55666
2740 58.2 11.833049761060995 3.761779487786425 5051.235107421875 3.781005859375 23.488572005476488 56323
2750 62 12.461184790826614 3.2597416819803757 5051.235107421875 3.781005859375 23.369364309382124 56905
2760 64.6 9.985656927244587 4.666846172009306 5051.235107421875 3.781005859375 23.251796794362487 57525
2770 61.6 11.265038032036317 4.695609483159294 5051.235107421875 3.781005859375 23.104473792279695 58171
2780 59.8 5.861667390651128 3.53311037938474 5051.235107421875 3.762939453125 22.98041417997919 58787
2790 66.6 5.276106184309305 2.912323960133271 5051.235107421875 3.762939453125 22.80803040326759 59385
2800 37.6 6.541270803897937 4.0091648108942675 5051.235107421875 3.762939453125 22.61359131765992 60051
2810 86.2 914.9753454788099 1488.7855907885432 5051.235107421875 3.762939453125 22.513583167111747 60427
2820 63.9 4.272469342967526 0.196854706351491 5051.235107421875 3.762939453125 35.06562413878177 61289
2830 57.3 6.075034682455281 4.2770130043969665 5051.235107421875 3.762939453125 34.74788699379848 61928
2840 59.8 11.966804631976375 3.7337379201788883 5051.235107421875 3.762939453125 34.48501848970415 62501
2850 60.7 12.79699807583402 2.7667283113116667 5051.235107421875 3.762939453125 34.27160953097388 63099
2860 65.3 12.381018272037704 3.862680795720665 5051.235107421875 3.762939453125 34.06699632102082 63706
2870 63.3 12.145438774313787 4.325604680094141 5051.235107421875 3.762939453125 33.84696580988817 64359
2880 63.5 10.548800442913384 4.97439315694413 5051.235107421875 3.762939453125 33.63560030931089 64992
2890 63.6 11.253107034935155 4.737728485400475 5051.235107421875 3.762939453125 33.41221484425592 65627
2900 66.8 4.31728303646613 0.21603121820337334 5051.235107421875 3.762939453125 33.19952914383898 66263
2910 66.4 4.259386177522594 0.37046664898373227 5051.235107421875 3.762939453125 32.9112719775076 66931
2920 61.1 4.303386482201306 0.26009557988107807 5051.235107421875 3.762939453125 32.62981843551204 67595
2930 66.1 4.2779945454330575 0.18564189937901399 5051.235107421875 3.762939453125 32.376065834223695 68206
2940 61.4 4.299853992772799 0.3014123171074274 5051.235107421875 3.762939453125 32.10637461605113 68867
2950 63.6 4.399083935239776 1.145268835849682 5051.235107421875 3.762939453125 31.860649832834234 69481
2960 57.6 13.782557593451603 1.811522121835683 5051.235107421875 3.762939453125 31.611558230072134 70117
2970 60.5 13.831004648760336 1.7796228406432735 5051.235107421875 3.762939453125 31.46628918834674 70693
2980 60.7 13.884204946200576 2.505303171910731 5051.235107421875 3.762939453125 31.316644778314902 71298
2990 59.6 13.716372905961618 0.9941621105074587 5051.235107421875 3.762939453125 31.16948545729281 71905
3000 61.8 13.836094729722902 2.4444234132445346 5051.235107421875 3.762939453125 31.026010814452114 72501
3010 119.3 13.670338530752312 0.8846197228686111 5051.235107421875 3.762939453125 30.880722064053963 73119
3020 116.7 6.932626601662921 4.961180186526636 5051.235107421875 3.762939453125 30.60442768958915 74312
3030 127.6 4.271862448569744 0.437124045407645 5051.235107421875 3.762939453125 30.23843195740391 75479
3040 122.4 6.12122718960631 3.791086337629987 5051.235107421875 3.762939453125 29.806755288870622 76755
3050 127.3 6.064871596990376 3.7538435621188797 5051.235107421875 3.762939453125 29.434974599281123 77979
3060 120.5 4.7425402376167085 2.119056376668255 5051.235107421875 3.489013671875 29.059587970275974 79252
3070 117.6 4.2641277702487175 0.18145276937224536 5051.235107421875 3.489013671875 28.6953929031239 80457
3080 127.6 10.89226146925205 4.411855588827261 5051.235107421875 3.489013671875 28.343437593429766 81633
3090 126.2 11.911544872350444 3.8310431868703643 5051.235107421875 3.489013671875 28.074857575163346 82909
3100 122.1 11.339047743588763 4.04086557574986 5051.235107421875 3.489013671875 27.832516381272935 84171
3110 121 11.114901254196795 4.334493699455048 5051.235107421875 3.489013671875 27.596680176398795 85392
3120 123 12.556565199441057 3.0990097356824333 5051.235107421875 3.489013671875 27.36639735965248 86602
3130 120.4 13.696549830642653 1.0618108497920165 5051.235107421875 3.489013671875 27.159000356771298 87832
3140 124.1 13.90575266921837 2.520877454012736 5051.235107421875 3.489013671875 26.97695275317883 89036
3150 123.9 13.688077740365214 0.71040475586703 5051.235107421875 3.489013671875 26.7972684559138 90277
3160 119.5 13.85234252418933 1.5560296444376007 5051.235107421875 3.489013671875 26.619788154146192 91516
3170 125.3 13.692577267682562 0.6060672011078803 5051.235107421875 3.489013671875 26.455221948110246 92711
3180 131 13.905870929747131 1.9791129739936086 5051.235107421875 3.489013671875 26.28503343139559 93964
3190 123.4 13.290048756900827 2.231156249208129 5051.235107421875 3.489013671875 26.114822220811806 95274
3200 121.1 10.210584090821124 21.113540512427605 5051.235107421875 3.489013671875 25.950838194052718 96508
3210 120.7 4.244218701455064 0.22900850134325165 5051.235107421875 3.489013671875 25.755774309659575 97719
3220 120.7 4.473761456607281 2.9980049939756435 5051.235107421875 3.489013671875 25.493310977278778 98926
3230 122.9 4.239620944365337 0.21888596603040533 5051.235107421875 3.489013671875 25.23994199531029 100133
3240 125.7 4.28794123999353 0.2623167158170549 5051.235107421875 3.489013671875 24.98531605490253 101362
3250 113.8 4.494388198182112 3.559839430106093 5051.235107421875 3.489013671875 24.73178990338731 102619
3260 131.8 8.169432667571604 4.649935202392122 5051.235107421875 3.35595703125 24.50982740311722 103757
3270 123.9 12.89771709796206 2.993538491994397 5051.235107421875 3.35595703125 24.30486294666755 105075
3280 119.6 13.427260791178924 2.284955837821605 5051.235107421875 3.35595703125 24.17192228309976 106314
3290 123.9 13.737317692569624 0.7969710607367964 5051.235107421875 3.35595703125 24.052392796127968 107510
3300 118.1 10.401009142146485 4.616939834877766 5051.235107421875 3.35595703125 23.934870997736176 108749
3310 124.5 11.79511620701556 3.923437104673735 5051.235107421875 3.35595703125 23.789474010094484 109930
3320 128.9 9.213250869739142 5.041773052824126 5051.235107421875 3.35595703125 23.655154464649616 111175
3330 124.3 4.309794026234419 1.0658787933208147 5051.235107421875 3.35595703125 23.489629374542208 112464
3340 119 4.259164505646002 0.3031050016250402 5051.235107421875 3.35595703125 23.279962992191546 113707
3350 129.3 4.246720434249323 0.2747307799373436 5051.235107421875 3.35595703125 23.08296263361831 114897
3360 126.5 4.3394253334980215 1.0718399078506737 5051.235107421875 3.35595703125 22.87334682189799 116190
3370 115.5 4.238602754667199 0.2508532195261599 5051.235107421875 3.35595703125 22.673734964737154 117455
3380 123 7.252180791095023 5.22725996924368 5051.235107421875 3.35595703125 22.49421740548725 118610
3390 127.7 13.218352339467504 2.097902581285645 5051.235107421875 3.35595703125 22.337777944241402 119840
3400 119 13.752377601431192 0.9175959107083739 5051.235107421875 3.35595703125 22.241627061233267 121117
3410 124.2 12.234530683876823 3.3640945765603854 5051.235107421875 3.35595703125 22.159029933863906 122307
3420 131.9 13.718849396145286 1.2278935215837106 5051.235107421875 3.35595703125 22.059262003176617 123549
3430 125.6 12.734765119613343 2.8535608413526616 5051.235107421875 3.35595703125 21.971160934618826 124868
3440 127.9 11.122322661136621 4.156619643214259 5051.235107421875 3.35595703125 21.879180715599077 126124
3450 127.4 4.331977592719783 1.3288809743137104 5051.235107421875 3.35595703125 21.771192509264395 127403
3460 126.9 4.263808278233352 0.3215429602780098 5051.235107421875 3.35595703125 21.598531040597283 128677
3470 120.7 4.27774748213546 0.39807630935455085 5051.235107421875 3.35595703125 21.42924715971261 129946
3480 123.6 4.349751197790245 0.9756886450497977 5051.235107421875 3.35595703125 21.271402046670318 131153
3490 125.5 4.286063169198216 0.33532938427411524 5051.235107421875 3.35595703125 21.113419431428753 132389
3500 118.8 4.538318364307143 2.307021572738554 5051.235107421875 3.35595703125 20.955400125593105 133644
3510 126.4 11.3743485076518 4.1694999177819305 5051.235107421875 3.35595703125 20.81074979679573 134832
3520 122.9 13.765611690462267 1.1706873472294783 5051.235107421875 3.35595703125 20.723108637397377 136096
3530 123.8 12.763411169098347 2.9261601347809667 5051.235107421875 3.35595703125 20.660842016259323 137325
3540 125.5 11.904351733690241 3.7630588368018514 5051.235107421875 3.35595703125 20.590281914437153 138563
3550 125.6 12.614600697900084 3.7268789170429075 5051.235107421875 3.35595703125 20.512317400734787 139818
3560 122.5 13.7975175382653 0.9786426353939582 5051.235107421875 3.35595703125 20.442003011274217 141074
3570 124.6 13.800752642832062 1.6337132541543413 5051.235107421875 3.35595703125 20.38480306816544 142299
3580 123.7 13.704458398595401 0.5476437438742339 5051.235107421875 3.35595703125 20.32765216196902 143545
3590 119.3 13.73346330973649 0.81996297468354 5051.235107421875 3.35595703125 20.27106439080069 144782
3600 124.4 13.706598705034164 0.8502706152927888 5051.235107421875 3.35595703125 20.21763498104073 145975
3610 238 13.67740827287947 0.9784735902751828 5051.235107421875 3.35595703125 20.16261674883326 147219
3620 245.8 32.55017844713057 84.82553188912786 5051.235107421875 3.35595703125 20.059442287956045 149599
3630 239.9 13.857656958302927 2.5260601399585654 5051.235107421875 3.35595703125 20.26135492255525 152057
3640 246.3 13.618951993408693 0.5545527432235009 5051.235107421875 3.35595703125 20.161893124915522 154456
3650 245 13.755128846460469 1.1212053496227439 5051.235107421875 3.35595703125 20.059195146933877 156919
3660 248.4 13.701379256931864 0.7965132489072952 5051.235107421875 3.35595703125 19.96228193020942 159369
3670 245.1 13.712641603554653 0.9486052398914038 5051.235107421875 3.35595703125 19.86619423186326 161853
3680 245.5 13.664175470977591 0.7727471060815404 5051.235107421875 3.35595703125 19.77439879479548 164304
3690 234.6 52.938445966871704 163.8457919588861 5051.235107421875 3.35595703125 19.684445039616012 166759
3700 240.5 5.261231077832642 20.4820244658072 5051.235107421875 3.35595703125 20.14577904023895 169105
3710 252.1 6.077502300984236 3.821581951498685 5051.235107421875 3.35595703125 19.937060377481167 171510
3720 238.9 5.180002971791282 2.818108787416594 5051.235107421875 3.35595703125 19.736291859740945 174031
3730 240.6 5.07975585125727 2.719130926987794 5051.235107421875 3.35595703125 19.53917716666016 176420
3740 238.8 5.470462051468276 3.7474032196480116 5051.235107421875 3.35595703125 19.34463404829449 178826
3750 232.2 4.3772529910906615 2.079270147478049 5051.235107421875 3.35595703125 19.161803126133837 181214
3760 245.5 4.240071084203165 0.3614355089380518 5051.235107421875 3.35595703125 18.97475684958008 183536
3770 242.9 4.259419164425954 0.5673858402995792 5051.235107421875 3.35595703125 18.780265430350113 185991
3780 243.1 4.247103252905174 0.2730270102987785 5051.235107421875 3.35595703125 18.593071206913482 188420
3790 246 4.232060924002794 0.2642034289299725 5051.235107421875 3.35595703125 18.41033678007687 190851
3800 241.8 4.268063882049984 0.4910408203382785 5051.235107421875 3.33203125 18.229909600009815 193311
3810 243.9 4.414546777303708 2.017238918431431 5051.235107421875 3.33203125 18.057427530689342 195729
3820 244.6 4.392327596394618 6.0753641826458855 5051.235107421875 3.33203125 17.889514516693602 198168
3830 254.7 4.247748960173738 0.3070379615765414 5051.235107421875 3.33203125 17.724949136375923 200614
3840 252.7 4.31542079911951 0.8333956525847812 5051.235107421875 3.33203125 17.555987431871678 203161
3850 249.3 4.262977548072094 0.2504387844600411 5051.235107421875 3.33203125 17.393319158170904 205688
3860 233.1 4.4436618538181 1.7839657422097523 5051.235107421875 3.33203125 17.23608126598105 208181
3870 238.6 4.509389488814963 1.9808156204898417 5051.235107421875 3.26904296875 17.094430767910858 210512
3880 196.6 4.238791138812932 0.4157958161654097 5051.235107421875 3.26904296875 16.953387129680706 212898
3890 314 4.5513800165455915 9.31280585848995 5051.235107421875 3.18310546875 16.837048907744755 214864
3900 251.3 4.317279249465276 0.39075467483774295 5051.235107421875 3.18310546875 16.660093437577395 218004
3910 213.9 4.239418176024146 0.3172547682953461 5051.235107421875 3.18310546875 16.519435383755123 220517
3920 284.8 4.2491279344880155 0.4776213395576403 5051.235107421875 3.171875 16.40146435756523 222656
3930 239.7 5.238984032775346 9.201137067161751 5051.235107421875 3.171875 16.247986573876588 225504
3940 231 4.562589940983493 2.1570958983147883 5051.235107421875 3.171875 16.132196914809626 227901
3950 207.3 4.228649178048113 0.3373738365092046 5051.235107421875 3.171875 16.01610432101724 230211
3960 288.4 4.246133367826825 0.4930105337731065 5051.235107421875 3.171875 15.910908119335788 232284
3970 250.7 4.259115394863126 0.3033609088558642 5051.235107421875 3.171875 15.767856299431074 235168
3980 239.1 4.3874602595017755 0.6201823945210042 5051.235107421875 3.171875 15.646461901838764 237675
3990 136.4 7.982854132778137 5.4228245498538 5051.235107421875 3.171875 15.534324935642687 240066
4000 315.2 12.37194266537119 3.2282535522729594 5051.235107421875 3.171875 15.491661612215163 241430
4010 243.2 12.04602904068796 3.6492062384235364 5051.235107421875 3.171875 15.45145687874969 244582
4020 212.9 12.859385435320283 3.6711106917857275 5051.235107421875 3.171875 15.417928412743041 247014
4030 245.9 11.832309345929497 3.823472579548174 5051.235107421875 3.171875 15.396064912669056 249143
4040 238.9 12.967639972595757 4.912726447212372 5051.235107421875 3.171875 15.361235002975919 251602
4050 250.3 14.06377171612815 2.60757726612773 5051.235107421875 3.171875 15.338721218914365 253991
4060 242.8 13.889378555524097 1.25054665984451 5051.235107421875 3.171875 15.326279607783212 256494
4070 247.4 13.798467440285213 0.8171644496856707 5051.235107421875 3.171875 15.312805296002502 258922
4080 240.6 13.73891027233348 1.1164825386136659 5051.235107421875 3.171875 15.298472743648814 261396
4090 243.7 13.722038234605813 0.7850594800132996 5051.235107421875 3.171875 15.28424879043396 263802
4100 245.2 13.781154514331424 0.9138126849406204 5051.235107421875 3.171875 15.269949205757962 266239
4110 219 13.608975122181787 3.487116574401398 5051.235107421875 3.171875 15.256362875797606 268691
4120 254.8 13.241700081099152 2.332851997874597 5051.235107421875 3.171875 15.243044189066463 270881
4130 245.9 13.177274985544168 2.268787908124407 5051.235107421875 3.171875 15.224394284385173 273429
4140 246.2 12.64664680487156 3.1433108239483736 5051.235107421875 3.171875 15.206148233973956 275888
4150 249 11.882381577089594 3.838859264366819 5051.235107421875 3.171875 15.183509496706305 278350
4160 245.4 12.734083702628363 3.101879749013868 5051.235107421875 3.171875 15.15424084366598 280840
4170 212.4 13.737599058564323 0.7361540615496709 5051.235107421875 3.171875 15.133276525240221 283294
4180 279.7 5.080722649267072 7.78654360807939 5051.235107421875 3.171875 15.122890288425376 285418
4190 235.8 5.585930873621709 3.144564748836895 5051.235107421875 3.171875 15.025435461692814 288215
4200 245.5 5.952694397594196 3.6070028865361614 5051.235107421875 3.171875 14.948833878549603 290573
4210 25.2 4.1952417767237105 0.16565656530651418 5051.235107421875 3.171875 14.873463871499952 293028
4220 0 0 0 5051.235107421875 3.171875 14.864288639749121 293280
4230 0 0 0 5051.235107421875 3.171875 14.864288639749121 293280
4240 0 0 0 5051.235107421875 3.171875 14.864288639749121 293280
4250 0 0 0 5051.235107421875 3.171875 14.864288639749121 293280
4260 0 0 0 5051.235107421875 3.171875 14.864288639749121 293280
4270 0 0 0 5051.235107421875 3.171875 14.864288639749121 293280
4280 0 0 0 5051.235107421875 3.171875 14.864288639749121 293280
4290 0 0 0 5051.235107421875 3.171875 14.864288639749121 293280
4300 0 0 0 5051.235107421875 3.171875 14.864288639749121 293280
4310 0 0 0 5051.235107421875 3.171875 14.864288639749121 293280
4320 0 0 0 5051.235107421875 3.171875 14.864288639749121 293280
4321 0 0 0 5051.235107421875 3.171875 14.864288639749121 293280
