3860 10.1 101
3870 17.5 276
3880 0 276
3890 0 276
3900 0 276
3910 0 276
3920 0 276
3930 0 276
3940 11.8 394
3950 37.4 768
3960 0 768
3970 0 768
3980 0 768
3990 69.6 1464
4000 0 1464
4010 0 1464
4020 21.7 1681
4030 0 1681
4040 0 1681
4050 0 1681
4060 0 1681
4070 0 1681
4080 0 1681
4090 0 1681
4100 0 1681
4110 11.6 1797
4120 0 1797
4130 0 1797
4140 0 1797
4150 0 1797
4160 0 1797
4170 0 1797
4180 0 1797
4190 4.5 1842
4200 6.9 1911
4210 0 1911
4220 0 1911
4230 0 1911
4240 0 1911
4250 0 1911
4260 0 1911
4270 0 1911
4280 0 1911
4290 0 1911
4300 0 1911
4310 0 1911
4320 0 1911
4321 0 1911
