3880 66 660
3890 0 660
3900 0 660
3910 33.6 996
3920 0 996
3930 0 996
3940 0 996
3950 0 996
3960 0 996
3970 0 996
3980 0 996
3990 0 996
4000 3.6 1032
4010 0 1032
4020 0 1032
4030 0 1032
4040 0 1032
4050 0 1032
4060 0 1032
4070 0 1032
4080 0 1032
4090 0 1032
4100 0 1032
4110 0 1032
4120 0 1032
4130 0 1032
4140 0 1032
4150 0 1032
4160 6.4 1096
4170 33.6 1432
4180 1 1442
4190 0 1442
4200 0 1442
4210 0 1442
4220 0 1442
4230 0 1442
4240 0 1442
4250 0 1442
4260 0 1442
4270 0 1442
4280 0 1442
4290 0 1442
4300 0 1442
4310 0 1442
4320 0 1442
4321 0 1442
