0 0 0
10 3.7 37
20 3.2 69
30 3.9 108
40 3.8 146
50 3.3 179
60 3.6 215
70 3.6 251
80 4.1 292
90 2.8 320
100 4.6 366
110 3.8 404
120 4 444
130 4 484
140 4.3 527
150 4.7 574
160 3.3 607
170 4.3 650
180 4.2 692
190 3.9 731
200 4.5 776
210 4.5 821
220 3.6 857
230 3.4 891
240 4.9 940
250 4.2 982
260 4.8 1030
270 4.5 1075
280 3.8 1113
290 4.4 1157
300 3.4 1191
310 3.9 1230
320 4.6 1276
330 4 1316
340 3.6 1352
350 4.1 1393
360 3 1423
370 4.8 1471
380 3.2 1503
390 3.9 1542
400 3.3 1575
410 3 1605
420 2.6 1631
430 3.4 1665
440 5.1 1716
450 3.9 1755
460 4 1795
470 4.2 1837
480 4.4 1881
490 4.3 1924
500 4.1 1965
510 3.3 1998
520 3 2028
530 4.2 2070
540 3.5 2105
550 4.6 2151
560 4.1 2192
570 3.9 2231
580 4.7 2278
590 3.3 2311
600 3.9 2350
610 8.7 2437
620 8.7 2524
630 7.2 2596
640 6.6 2662
650 7.5 2737
660 6.9 2806
670 8.2 2888
680 9.2 2980
690 7.7 3057
700 9.2 3149
710 8.3 3232
720 8.6 3318
730 8.5 3403
740 6.1 3464
750 5.6 3520
760 8.3 3603
770 9.2 3695
780 8.3 3778
790 8.5 3863
800 7.5 3938
810 8.8 4026
820 7.1 4097
830 9.5 4192
840 6.7 4259
850 10.3 4362
860 7.2 4434
870 8.5 4519
880 8.4 4603
890 9.6 4699
900 9.6 4795
910 8.6 4881
920 7.5 4956
930 8 5036
940 7.1 5107
950 7.4 5181
960 8.4 5265
970 8.4 5349
980 8.1 5430
990 8.9 5519
1000 8.2 5601
1010 7.2 5673
1020 10 5773
1030 8.9 5862
1040 7.5 5937
1050 7 6007
1060 6.6 6073
1070 6.9 6142
1080 9.2 6234
1090 7.6 6310
1100 8.5 6395
1110 8.7 6482
1120 7.1 6553
1130 7 6623
1140 7.7 6700
1150 7.8 6778
1160 7.8 6856
1170 8 6936
1180 7.9 7015
1190 8.6 7101
1200 5 7151
1210 15.4 7305
1220 12.5 7430
1230 14.6 7576
1240 20.5 7781
1250 19.1 7972
1260 17.6 8148
1270 15 8298
1280 14.3 8441
1290 16.4 8605
1300 15.7 8762
1310 14.8 8910
1320 14 9050
1330 15.5 9205
1340 14.1 9346
1350 16.6 9512
1360 14.9 9661
1370 13 9791
1380 17.4 9965
1390 14.2 10107
1400 17.8 10285
1410 17.3 10458
1420 13.9 10597
1430 18.3 10780
1440 15.9 10939
1450 18.7 11126
1460 13.3 11259
1470 13.8 11397
1480 17.8 11575
1490 12.4 11699
1500 16.5 11864
1510 14 12004
1520 18.8 12192
1530 15.4 12346
1540 12.7 12473
1550 17.4 12647
1560 13.5 12782
1570 20.5 12987
1580 15.8 13145
1590 20.5 13350
1600 16 13510
1610 17.8 13688
1620 14.7 13835
1630 15.2 13987
1640 14.7 14134
1650 16 14294
1660 16.8 14462
1670 15.7 14619
1680 17 14789
1690 15.6 14945
1700 13.3 15078
1710 17.1 15249
1720 14.9 15398
1730 13.4 15532
1740 13.6 15668
1750 14.5 15813
1760 15 15963
1770 14.9 16112
1780 15.4 16266
1790 15.1 16417
1800 15.5 16572
1810 16.5 16737
1820 17.4 16911
1830 24 17151
1840 29.6 17447
1850 40.2 17849
1860 37.9 18228
1870 41.3 18641
1880 39.6 19037
1890 42.6 19463
1900 34.2 19805
1910 33.8 20143
1920 30.5 20448
1930 29.8 20746
1940 32.2 21068
1950 19.4 21262
1960 26.5 21527
1970 25.8 21785
1980 37.8 22163
1990 20.2 22365
2000 16.6 22531
2010 29.8 22829
2020 36.4 23193
2030 39.6 23589
2040 33.4 23923
2050 27.1 24194
2060 27.6 24470
2070 24.5 24715
2080 35.1 25066
2090 32.8 25394
2100 38.3 25777
2110 26.9 26046
2120 19.9 26245
2130 37 26615
2140 40.2 27017
2150 35.8 27375
2160 36.4 27739
2170 40.6 28145
2180 37.9 28524
2190 36.8 28892
2200 37 29262
2210 29.7 29559
2220 35 29909
2230 30.7 30216
2240 35.9 30575
2250 28.6 30861
2260 27.7 31138
2270 29.4 31432
2280 24.6 31678
2290 16.5 31843
2300 21.8 32061
2310 22.1 32282
2320 30.2 32584
2330 27.1 32855
2340 35.1 33206
2350 53.2 33738
2360 37.5 34113
2370 33.9 34452
2380 27.4 34726
2390 45.6 35182
2400 30.9 35491
2410 70.9 36200
2420 61.5 36815
2430 41.2 37227
2440 67.9 37906
2450 72.4 38630
2460 65.9 39289
2470 58.7 39876
2480 63.7 40513
2490 63.8 41151
2500 67.1 41822
2510 59.3 42415
2520 62.4 43039
2530 61.2 43651
2540 62.7 44278
2550 63.8 44916
2560 62.5 45541
2570 66.4 46205
2580 55.3 46758
2590 42.3 47181
2600 39.7 47578
2610 62.9 48207
2620 62.7 48834
2630 64.6 49480
2640 55.5 50035
2650 60.6 50641
2660 61.5 51256
2670 82.4 52080
2680 78.5 52865
2690 79.9 53664
2700 57.7 54241
2710 42.6 54667
2720 74.2 55409
2730 69.7 56106
2740 64.1 56747
2750 64 57387
2760 56.2 57949
2770 58.6 58535
2780 69.7 59232
2790 65.1 59883
2800 36.4 60247
2810 61.1 60858
2820 76 61618
2830 58.3 62201
2840 70.2 62903
2850 68.1 63584
2860 70 64284
2870 68.1 64965
2880 63.6 65601
2890 61.6 66217
2900 63.1 66848
2910 59.1 67439
2920 57.1 68010
2930 68.5 68695
2940 67.7 69372
2950 69.1 70063
2960 62.7 70690
2970 60.5 71295
2980 60.9 71904
2990 59 72494
3000 65.4 73148
3010 98 74128
3020 87.1 74999
3030 128 76279
3040 122.3 77502
3050 127.3 78775
3060 120.1 79976
3070 116.4 81140
3080 117.3 82313
3090 116.2 83475
3100 151.9 84994
3110 130.3 86297
3120 126.2 87559
3130 107.2 88631
3140 124 89871
3150 127.8 91149
3160 122.1 92370
3170 127.2 93642
3180 131.4 94956
3190 120 96156
3200 97.3 97129
3210 120.8 98337
3220 121.3 99550
3230 129.5 100845
3240 125.2 102097
3250 121 103307
3260 129.4 104601
3270 118.9 105790
3280 114.2 106932
3290 142.7 108359
3300 138.1 109740
3310 116 110900
3320 139.4 112294
3330 139.8 113692
3340 117 114862
3350 111.4 115976
3360 126.4 117240
3370 132 118560
3380 117.5 119735
3390 125.9 120994
3400 120.9 122203
3410 122.1 123424
3420 126.3 124687
3430 127.4 125961
3440 116.6 127127
3450 93.2 128059
3460 126.8 129327
3470 125.8 130585
3480 119.4 131779
3490 115.1 132930
3500 120 134130
3510 133.8 135468
3520 151 136978
3530 139.3 138371
3540 132.3 139694
3550 125.8 140952
3560 125.2 142204
3570 125.9 143463
3580 125.3 144716
3590 125.4 145970
3600 124 147210
3610 204.8 149258
3620 245.3 151711
3630 238.6 154097
3640 247.1 156568
3650 244.2 159010
3660 248.1 161491
3670 244.7 163938
3680 245.2 166390
3690 220 168590
3700 238.4 170974
3710 252.6 173500
3720 239.9 175899
3730 235.3 178252
3740 235.1 180603
3750 245.1 183054
3760 247.8 185532
3770 245 187982
3780 271.8 190700
3790 246 193160
3800 234.6 195506
3810 257.6 198082
3820 214.6 200228
3830 216.5 202393
3840 302.4 205417
3850 258.4 208001
3860 221.7 210218
3870 233.2 212550
3880 168.7 214237
3890 323.2 217469
3900 253.9 220008
3910 197 221978
3920 290 224878
3930 244.3 227321
3940 237 229691
3950 210.9 231800
3960 296.2 234762
3970 259 237352
3980 217.8 239530
3990 145.1 240981
4000 282.1 243802
4010 282 246622
4020 247.6 249098
4030 224.6 251344
4040 224.1 253585
4050 232.3 255908
4060 230 258208
4070 252.1 260729
4080 241.9 263148
4090 242.8 265576
4100 244.5 268021
4110 239.7 270418
4120 234.4 272762
4130 241 275172
4140 239.1 277563
4150 235.5 279918
4160 240.8 282326
4170 212.6 284452
4180 327.2 287724
4190 205.4 289778
4200 250.9 292287
4210 43.2 292719
4220 26.9 292988
4230 12.1 293109
4240 5.4 293163
4250 5.7 293220
4260 5.6 293276
4270 0.4 293280
4280 0 293280
4290 0 293280
4300 0 293280
4310 0 293280
4320 0 293280
4321 0 293280
