10 3.7 1293.1565403293919 412.07014090985257 2484.724853515625 933.177978515625 0 0
20 3.1 1179.162613407258 338.58858526036875 2484.724853515625 933.177978515625 1293.1565403293919 37
30 3.9 1143.6781788361382 343.99933486796647 2484.724853515625 933.177978515625 1241.188720703125 68
40 3.8 1924.1131334806744 887.5469963532917 3489.180908203125 933.177978515625 1205.6474951628213 107
50 3.4 1313.3034739774816 498.9215717709326 3489.180908203125 933.177978515625 1393.9350417564656 145
60 3.5 1106.420012555804 245.9841671879264 3489.180908203125 933.177978515625 1378.6195484353177 179
70 3.6 1293.065653483073 427.075561742255 3489.180908203125 933.177978515625 1334.1009327540887 214
80 4.1 528.4873880525914 653.843005691641 3489.180908203125 94.97509765625 1328.1918525390624 250
90 2.7 112.98055013020833 10.061011471068603 3489.180908203125 94.97509765625 1215.518714931003 291
100 4.8 111.43435668945313 10.250274679312536 3489.180908203125 94.945068359375 1121.9069839573506 318
110 3.6 111.63837348090277 10.992884891343557 3489.180908203125 93.947021484375 989.3859836599214 366
120 4.2 773.8812837146578 595.61100795584 3489.180908203125 93.947021484375 910.7817200618003 402
130 4 1028.9320251464846 717.9913384725968 3489.180908203125 93.947021484375 897.8316787857193 444
140 4.3 1200.7413983012354 705.5974325337301 3489.180908203125 93.947021484375 908.6664181543775 484
150 4.5 447.03412543402777 1081.531941636295 4957.7119140625 93.947021484375 932.4979630240452 527
160 3.4 952.3158318014706 391.5768253149079 4957.7119140625 93.947021484375 894.3058778989564 572
170 4.4 1076.2859552556818 255.6424100754106 4957.7119140625 93.947021484375 897.5605617812757 606
180 4.2 1135.0215599423366 281.909956152591 4957.7119140625 93.947021484375 909.658896108774 650
190 3.7 513.5368520375845 548.776333998004 4957.7119140625 93.76806640625 923.3369768616781 692
200 4.7 114.63621488530585 12.922519353265711 4957.7119140625 93.375 902.5377935715663 729
210 4.5 111.41377495659722 11.632431300406155 4957.7119140625 93.375 854.816950532579 776
220 3.6 114.37737358940973 24.374643588150974 4957.7119140625 93.133056640625 814.0701260491207 821
230 3.4 112.6544548483456 13.370795271617656 4957.7119140625 93.133056640625 784.6781317801014 857
240 4.6 113.87889032778533 15.487207671305347 4957.7119140625 93.133056640625 759.034130640169 891
250 4.4 1015.300537109375 371.1317747801532 4957.7119140625 93.133056640625 727.361621510639 937
260 4.6 1100.5229651409647 228.16062980519177 4957.7119140625 93.133056640625 740.2763129340278 981
270 4.5 534.501611328125 547.7891754684683 4957.7119140625 93.133056640625 756.4119955061009 1027
280 3.9 111.73954577323718 10.583254911410954 4957.7119140625 93.133056640625 747.0967275135553 1072
290 4.3 110.57074400436046 11.14939828073613 4957.7119140625 92.39501953125 724.7934601077295 1111
300 3.4 112.7384894875919 14.323020173624485 4957.7119140625 92.39501953125 701.9064784851603 1154
310 4 367.2851806640625 493.32078276719045 4957.7119140625 92.39501953125 685.0447683623343 1188
320 4.7 1218.0464750249332 374.6626680692746 4957.7119140625 92.39501953125 674.6942931930095 1228
330 4.1 1182.666075171494 394.38731101529896 4957.7119140625 92.39501953125 694.7237461703431 1275
340 3.5 1030.1458635602678 173.40747363974103 4957.7119140625 92.39501953125 709.925596845911 1316
350 4 1139.7151000976567 373.7619393443655 4957.7119140625 92.39501953125 718.221458677889 1351
360 3.2 1040.8440856933598 205.38797162919374 4957.7119140625 92.39501953125 730.3420522485509 1391
370 4.7 854.3411891206782 390.0456056652638 4957.7119140625 92.39501953125 737.3245294588347 1423
380 3.2 113.69703674316406 14.786744548056571 4957.7119140625 92.39501953125 741.0658784412202 1470
390 4 117.09547729492188 15.09876510865019 4957.7119140625 92.39501953125 727.6998312146305 1502
400 3.3 111.93198834043561 12.244926124337475 4957.7119140625 92.39501953125 711.8605483632762 1542
410 2.9 115.84927262931035 12.564980913317992 4957.7119140625 92.39501953125 699.2906166294642 1575
420 2.7 112.89250578703704 13.669965363333912 4957.7119140625 92.39501953125 688.7421135272172 1604
430 3.3 121.6905850497159 45.85515725547207 4957.7119140625 92.39501953125 679.2093487148413 1631
440 5.2 141.5548987755409 67.51954353715955 4957.7119140625 92.39501953125 668.1527866950402 1664
450 3.9 113.69108072916667 10.571850113957108 4957.7119140625 92.39501953125 652.1952749399038 1716
460 4 118.19048461914062 21.566741206941135 4957.7119140625 92.39501953125 640.2285150685541 1755
470 4.2 111.46519833519345 9.986244529115998 4957.7119140625 92.39501953125 628.5953556156425 1795
480 4.4 112.88433283025569 11.618385179725095 4957.7119140625 92.39501953125 616.7720205009016 1837
490 4.1 112.43464176829268 15.067652627239552 4957.7119140625 92.39501953125 604.9851740056819 1881
500 4.1 111.28902081745427 11.341013665555314 4957.7119140625 92.39501953125 594.4781127040518 1922
510 3.4 514.8403535730698 472.1332842106064 4957.7119140625 92.39501953125 584.3860328429461 1963
520 3 979.9370686848958 126.3275598238471 4957.7119140625 92.39501953125 583.2019802164184 1997
530 4.2 1032.2565046037946 181.28269656585397 4957.7119140625 92.39501953125 589.0737378158532 2027
540 3.3 1012.8708570075758 117.46234552866309 4957.7119140625 92.39501953125 598.0701980406446 2069
550 4.8 1099.0917917887366 238.16581644521426 4957.7119140625 92.39501953125 604.5822921157677 2102
560 4.1 400.89986066120446 479.4969896561785 4957.7119140625 92.39501953125 615.6225042014898 2150
570 4 114.36416015625 15.681322083358843 4957.7119140625 92.39501953125 611.6044173073083 2191
580 4.6 112.94227666440217 13.189223554324867 4957.7119140625 92.39501953125 602.6893073628698 2231
590 3.4 114.10460707720588 14.117668306994165 4957.7119140625 92.39501953125 592.79542795482 2277
600 3.9 110.84231645633012 10.999221508723481 4957.7119140625 92.39501953125 585.7528109449372 2311
610 8.4 119.6433832077753 23.91236814898295 4957.7119140625 92.39501953125 577.8713176321476 2350
620 8.7 115.29158528645833 15.278067920411756 4957.7119140625 92.39501953125 562.0573708401807 2434
630 7.3 743.6679687499999 583.8373325508795 4957.7119140625 92.39501953125 546.639432187593 2521
640 6.5 1098.8550555889424 297.4349499806715 4957.7119140625 92.39501953125 552.1841828310223 2594
650 7.8 1260.171045547877 460.4332330060115 4957.7119140625 92.39501953125 565.5477054821185 2659
660 6.8 1220.200579474954 355.70004976277727 4957.7119140625 92.39501953125 585.3433286188117 2737
670 8 1437.5741394042966 496.10190582374014 4957.7119140625 92.39501953125 600.7338074274455 2805
680 9.1 1397.4707326365042 964.5744005756584 4957.7119140625 92.39501953125 623.939085263892 2885
690 8 112.71417541503907 13.30488009555585 4957.7119140625 92.39501953125 647.5921027070734 2976
700 9.3 113.10370726226479 12.992447788052132 4957.7119140625 92.39501953125 633.5900627256066 3056
710 8.3 111.78074407003012 11.364311555178263 4957.7119140625 92.18603515625 618.2184428278324 3149
720 8.6 112.28033589207848 11.120925269934185 4957.7119140625 92.18603515625 605.2127717273072 3232
730 8.5 120.7562442555147 33.468746647884664 4957.7119140625 92.18603515625 592.4363433120482 3318
740 5.8 113.4647216796875 13.049400841434338 4957.7119140625 92.18603515625 580.6547363711709 3403
750 5.7 115.64804344846492 13.094030035744135 4957.7119140625 92.18603515625 572.8254902422757 3461
760 8.2 114.51457102705793 15.218631289837639 4957.7119140625 92.18603515625 565.4181239923475 3518
770 9 113.7820068359375 12.991634499553578 4957.7119140625 92.18603515625 555.1475430636937 3600
780 8.6 110.36929392260174 10.708897161338136 4957.7119140625 92.18603515625 544.3825299849678 3690
790 8.2 114.50925352515245 13.861080648439458 4957.7119140625 92.18603515625 534.4976946297338 3776
800 7.9 115.27711815170095 12.84240156277835 4957.7119140625 92.18603515625 525.5710351765001 3858
810 8.9 112.93803491485252 11.409914650107726 4957.7119140625 92.18603515625 517.3380609715321 3937
820 6.9 113.95530457427536 13.59468134593011 4957.7119140625 92.18603515625 508.3982690393302 4026
830 9.6 115.94982401529948 14.540841061670864 4957.7119140625 92.18603515625 501.7519773303952 4095
840 6.8 742.2313806870404 465.3230207859681 4957.7119140625 92.18603515625 492.9147053861697 4191
850 9.9 904.3723785708647 598.7088793988232 4957.7119140625 92.18603515625 496.89534260628227 4259
860 7.6 113.74630255448191 12.70036782137017 4957.7119140625 92.18603515625 506.1519342906544 4358
870 8.3 1127.828660344503 289.89649608780485 4957.7119140625 92.18603515625 499.42599202363834 4434
880 8.4 1135.487859816778 242.6103037542603 4957.7119140625 92.18603515625 510.9729084439686 4517
890 9.7 1233.1140765947168 388.4062079844892 4957.7119140625 92.18603515625 522.3746158804641 4601
900 9.7 1248.1912476844395 470.28527509752763 4957.7119140625 92.18603515625 537.0493131323336 4698
910 8.4 1318.4668782552083 402.4164669813956 4957.7119140625 92.18603515625 551.4352917875066 4795
920 7.7 1294.793951653815 537.4931166596685 4957.7119140625 92.18603515625 564.6410005932634 4879
930 8 1439.5366058349607 613.1398444101698 4957.7119140625 92.18603515625 575.9851848611532 4956
940 7 1073.5250662667409 210.94213398596645 4957.7119140625 92.18603515625 589.7032376168928 5036
950 7.4 1245.197259026605 394.4094325218554 4957.7119140625 92.18603515625 596.3361259845955 5106
960 8.5 1202.2379968979778 377.6959663663987 4957.7119140625 92.18603515625 605.6055707423385 5180
970 8.4 1244.989958263579 419.93855919890643 4957.7119140625 92.18603515625 615.2378131399129 5265
980 8.1 1191.8904893663193 380.05096461659855 4957.7119140625 92.18603515625 625.1273588849845 5349
990 8.8 835.6078019575639 530.0992284078014 4957.7119140625 92.18603515625 633.5818365219989 5430
1000 7.3 113.57892765410959 12.897694082818212 4957.7119140625 92.18603515625 636.8037076634142 5518
1010 8.1 113.12266408661266 11.887350608508214 4957.7119140625 92.18603515625 629.9721195860257 5591
1020 9.7 113.2758965246456 11.6787858854851 4957.7119140625 92.18603515625 622.5911594493098 5672
1030 8.7 120.31943696120689 35.45512285685497 4957.7119140625 92.18603515625 614.0275296168097 5769
1040 7.9 114.59387052511867 13.444843797992725 4957.7119140625 92.18603515625 606.6927270107583 5856
1050 7.1 320.7548209176937 390.645479829703 4957.7119140625 92.18603515625 600.1424642201322 5935
1060 6.6 1080.5217840021305 235.387790636413 4957.7119140625 92.18603515625 596.839679892048 6006
1070 6.8 1162.927486644072 336.6831348380176 4957.7119140625 92.18603515625 602.0970940671576 6072
1080 9.2 1428.1161684782614 595.4392496628622 4957.7119140625 92.18603515625 608.3082449947195 6140
1090 7.6 1417.2700131064967 603.2156807469238 4957.7119140625 92.18603515625 620.410672619958 6232
1100 8.6 1297.9017021711477 424.0302314869736 4957.7119140625 92.18603515625 630.011387565579 6308
1110 8.6 327.0262507948764 422.4674035937995 4957.7119140625 92.18603515625 638.9945854160761 6394
1120 7.1 114.05178188270247 13.395948995004325 4957.7119140625 92.18603515625 634.854264925733 6480
1130 7 751.5326625279018 506.8348548188046 4957.7119140625 92.18603515625 629.2097867855933 6551
1140 7.6 556.2634084601151 641.1770914391428 4957.7119140625 92.18603515625 630.5030357361992 6621
1150 8.1 563.1920211226853 707.2422839697232 4957.7119140625 92.18603515625 629.6605373528959 6697
1160 7.7 1098.5768757609578 332.47894734742135 4957.7119140625 92.18603515625 628.8662101450695 6778
1170 8 1208.315713500977 473.50603759664796 4957.7119140625 92.18603515625 634.1423182781729 6855
1180 7.9 1113.3157819916935 255.0112141235049 4957.7119140625 92.18603515625 640.7658037313558 6935
1190 8.7 569.44636483028 598.3354738275788 4957.7119140625 92.18603515625 646.0882229333187 7014
1200 5 1162.0510449218748 329.4127231006652 4957.7119140625 92.18603515625 645.1492225594327 7101
1210 15.4 580.233231977983 789.4409372270229 4957.7119140625 92.18603515625 648.763415136432 7151
1220 12.5 1819.221400390625 803.7551893273134 4957.7119140625 92.18603515625 647.3186994339815 7305
1230 14.6 2961.0923871602095 1375.324431940952 5960.699951171875 92.18603515625 667.0344245510179 7430
1240 19.5 2575.334651692706 2082.932877687032 6395.3837890625 92.18603515625 711.2440948969711 7576
1250 19.7 738.7178589486833 1830.4155126051942 7291.22607421875 92.18603515625 758.0202702380043 7771
1260 16.6 117.01973862245859 17.751513265414623 7291.22607421875 92.18603515625 757.5430394368 7968
1270 15.9 118.74096065497248 22.597824141525553 7291.22607421875 92.18603515625 744.471135338548 8134
1280 14.2 115.64762942891726 15.39726912695935 7291.22607421875 92.18603515625 732.4741381391403 8293
1290 16.3 116.70086632476993 13.525478788221452 7291.22607421875 92.18603515625 722.0900996996795 8435
1300 16.1 114.84555906686724 14.949897066916277 7291.22607421875 92.18603515625 710.6131928562147 8598
1310 14.7 116.08586276307398 15.447386061153612 7291.22607421875 92.18603515625 699.6623321369449 8759
1320 14.4 114.30559963650174 12.775001649329562 7291.22607421875 92.18603515625 690.0299785553191 8906
1330 15.1 117.32427857253725 24.943139787668702 7291.22607421875 92.18603515625 680.8692812553953 9050
1340 14.2 127.37243824273757 45.26244952229223 7291.22607421875 92.18603515625 671.6207978943355 9201
1350 16.5 118.498486328125 18.94996943198371 7291.22607421875 92.18603515625 663.3490150547201 9343
1360 15 169.15225260416668 200.79400629376283 7291.22607421875 92.18603515625 653.8937839609162 9508
1370 13.1 1591.1662765386448 611.5698619643921 7291.22607421875 92.18603515625 646.3651828319544 9658
1380 17.6 1798.9941475608125 1705.0016439597919 7291.22607421875 92.18603515625 659.0088587207659 9789
1390 14 2536.6505440848227 1518.1289692852754 7587.18798828125 92.18603515625 679.1430695422259 9965
1400 17.4 2063.773539926815 1887.6495575188046 7587.18798828125 92.18603515625 704.8779578585013 10105
1410 17.5 2173.1786690848226 2033.5850689197437 7803.55615234375 91.7900390625 727.8809573020159 10279
1420 13.9 2595.2540169036656 1225.5732470791609 7803.55615234375 91.7900390625 752.0752465273832 10454
1430 18.5 3064.25011217272 1947.4604685343254 8354.7880859375 91.7900390625 776.2612041486713 10593
1440 15.8 3421.6825275662577 2546.6652921246346 9359.454833984375 91.7900390625 815.5336060770856 10778
1450 19 2018.0982486122532 2552.5484257038934 9359.454833984375 91.7900390625 853.1864526018926 10936
1460 13.2 1467.9011359937267 566.427157678974 9359.454833984375 91.7900390625 873.0797872452476 11126
1470 13.9 1962.3462405856565 885.6289571442039 9359.454833984375 91.7900390625 880.0540649175517 11258
1480 17.7 1730.2121582031248 1459.9727080432788 9359.454833984375 91.7900390625 893.2539080708259 11397
1490 12.2 865.6264108126284 1447.7550788299254 9359.454833984375 91.7900390625 906.0534251153582 11574
1500 16.2 1613.8757459852432 1902.8771914069478 9359.454833984375 91.7900390625 905.631734302693 11696
1510 14.2 2688.9648798553035 2766.536722039949 13084.114990234375 91.7900390625 915.3075253207882 11858
1520 18 2209.0389200846357 4199.181576622228 17776.2109375 91.7900390625 936.2958040161133 12000
1530 16.3 3160.6239605301016 5860.402436709353 21034.31494140625 91.7900390625 955.1048155836284 12180
1540 12.5 3256.49055859375 4878.467925501227 21034.31494140625 91.7900390625 984.2306051506927 12343
1550 17.3 2613.7666424878066 5613.0703135109015 21034.31494140625 91.7900390625 1007.0115238369601 12468
1560 13.5 3856.4709743923618 7764.505627005342 26528.036865234375 91.7900390625 1029.0009736848042 12641
1570 20.9 6516.753511419709 10671.396172619992 34101.556884765625 91.7900390625 1058.8779657085613 12776
1580 15.2 2277.6415421335323 5955.2883120477745 40090.356201171875 91.7900390625 1146.7251731828494 12985
1590 20.6 1151.008728619918 5709.270947859495 50306.239013671875 91.7900390625 1159.8102982555831 13137
1600 16.2 1626.7268548659333 5925.922658077987 50306.239013671875 91.7900390625 1159.674412521869 13343
1610 18 2335.875702582467 7961.22792663863 50306.239013671875 91.7900390625 1165.276966809891 13505
1620 14.9 115.3382298002307 14.835163967868494 50306.239013671875 91.7900390625 1180.673954200396 13685
1630 14.9 120.63040714135906 29.65874169570796 50306.239013671875 91.7900390625 1169.1996862420597 13834
1640 14.9 116.64358418099832 15.510780986501453 50306.239013671875 91.7900390625 1158.026345572246 13983
1650 15.9 114.50169670056997 12.387528733996028 50306.239013671875 91.7900390625 1147.0465811052707 14132
1660 16.9 116.03094374075444 16.81117828554946 50306.239013671875 91.7900390625 1135.5586070922311 14291
1670 15.9 121.55549055375393 21.89981684529949 50306.239013671875 91.7900390625 1123.6429656602531 14460
1680 17 986.9103056066176 849.3461094742586 50306.239013671875 91.7900390625 1112.74400481875 14619
1690 15.5 120.16396799395162 21.433666490845482 50306.239013671875 91.7900390625 1111.2975426599792 14789
1700 13.2 585.5667003284805 629.9717071288034 50306.239013671875 91.7900390625 1101.017450042659 14944
1710 17.3 118.54510533327313 20.000008396521018 50306.239013671875 91.7900390625 1096.5043498196376 15076
1720 14.9 149.9629381423028 166.8832327187709 50306.239013671875 91.7900390625 1085.409396098335 15249
1730 13.4 530.2069948111008 588.6737145391992 50306.239013671875 91.7900390625 1076.3574723267122 15398
1740 12.9 1943.802484556686 998.679569697614 50306.239013671875 91.7900390625 1071.6456410115504 15532
1750 14.6 2785.5959037885295 1676.8122236398845 50306.239013671875 91.7900390625 1078.8296160334085 15661
1760 14.7 3300.434917424001 2043.3131028597668 50306.239013671875 91.7900390625 1094.5940164896779 15807
1770 14.9 4006.1579131055996 2225.156424366002 50306.239013671875 91.7900390625 1114.918612981927 15954
1780 15.5 4868.185200352824 2375.3887357757176 50306.239013671875 91.7900390625 1141.6710600860956 16103
1790 15.2 5021.802756861635 2493.3202221487772 50306.239013671875 91.7900390625 1177.1987813151118 16258
1800 15.5 5465.07537172379 3034.8828325155823 50306.239013671875 91.7900390625 1212.809982063623 16410
1810 16.5 5251.906631747162 2451.501294999162 50306.239013671875 91.7900390625 1252.59876174351 16565
1820 17.4 9245.65225535426 2726.5746991169417 50306.239013671875 91.7900390625 1292.0420252552017 16730
1830 24 11103.900322469071 5878.34488304251 50306.239013671875 44.60693359375 1373.911889194934 16904
1840 29.7 10255.304999046455 8844.061831923344 50306.239013671875 44.524169921875 1510.1226465436155 17144
1850 39.3 8976.115741292944 10871.271027842184 50306.239013671875 44.448974609375 1659.0429583774176 17441
1860 38.3 8442.026317466954 13245.016693756703 50306.239013671875 44.448974609375 1820.286067252925 17834
1870 42 7431.260230073473 13606.084642641616 50430.3369140625 44.448974609375 1959.503639621151 18217
1880 39.1 10062.9202421925 16474.45604695771 57021.424072265625 44.448974609375 2082.814138520651 18637
1890 42.6 6864.593857742813 14692.2231923025 61313.166015625 44.448974609375 2246.794666507601 19028
1900 34.9 4550.655214675861 15631.858729800508 61313.166015625 44.448974609375 2347.9143568266204 19454
1910 33.8 4206.52014738004 12612.176838249188 61313.166015625 44.448974609375 2386.734563835123 19803
1920 29.8 412.8889471476507 3393.6885257928784 61313.166015625 43.4150390625 2417.2736397120993 20141
1930 30.5 57.29230997054303 28.362846187283292 61313.166015625 43.253173828125 2388.0497716958457 20439
1940 32 54.95541915893555 78.85255237277887 61313.166015625 43.253173828125 2353.7805359734093 20744
1950 19.4 1358.6614285498554 2194.3886500001713 61313.166015625 43.253173828125 2318.857252770759 21064
1960 26.9 2545.4510439053784 4598.935124031797 61313.166015625 43.253173828125 2310.094528624609 21258
1970 25.7 4492.267850764532 7702.030485411119 61313.166015625 43.253173828125 2313.035528420704 21527
1980 37.7 4465.99411277872 8716.05041501956 61313.166015625 43.253173828125 2338.745347868113 21784
1990 19.4 8380.217704222378 12157.425186310453 61313.166015625 43.253173828125 2374.9338224121907 22161
2000 16.6 9453.263754235692 10856.12097304756 61313.166015625 43.253173828125 2427.0485651127574 22355
2010 29.8 9500.221383113992 11527.724185063853 61313.166015625 43.253173828125 2478.8380825140453 22521
2020 35.7 10844.66268792673 13891.053318560245 61313.166015625 43.253173828125 2570.5323821581483 22819
2030 39.9 10070.554833127735 14633.776061724913 61313.166015625 43.253173828125 2697.985977220255 23176
2040 33.7 10071.495122983115 14825.782958720843 61313.166015625 43.253173828125 2822.7645550996644 23575
2050 26.2 11550.402751893487 16070.789385696595 61313.166015625 43.253173828125 2924.9233959066532 23912
2060 29.3 9493.25904153557 15003.897879484812 61313.166015625 43.253173828125 3018.407121862993 24174
2070 23.7 14920.817143822522 17483.352684800768 61313.166015625 43.253173828125 3095.945504683284 24467
2080 35.2 12618.270543878729 15850.845643714714 61313.166015625 43.253173828125 3209.3884523223705 24704
2090 32.7 9982.946756438749 14594.27382332957 61313.166015625 43.253173828125 3341.5694267886797 25056
2100 38.4 10531.556613922106 15138.238689250436 61313.166015625 43.253173828125 3427.1278866553453 25383
2110 27.3 12598.534722520319 16908.844202207685 61313.166015625 43.253173828125 3533.003643680627 25767
2120 20 13251.995407714843 14473.93182187713 61313.166015625 43.253173828125 3628.0455017652366 26040
2130 36.7 11276.38644068247 16688.213226483414 61313.166015625 43.253173828125 3701.398778487414 26240
2140 40.2 11433.62403679844 16759.010070344124 61313.166015625 43.253173828125 3805.8833303732176 26607
2150 36.3 13411.330093593968 17744.980680317305 61313.166015625 43.253173828125 3919.4140706443472 27009
2160 35.9 7601.156656674357 15181.785363839563 61313.166015625 43.253173828125 4045.2932726146346 27372
2170 41 6251.403704982852 14333.13078841977 61313.166015625 43.253173828125 4091.326771402181 27731
2180 37.8 5959.560270440639 13301.681485010771 61313.166015625 43.253173828125 4122.797989296643 28141
2190 37.2 8979.834683982275 19638.98968450299 61313.166015625 43.253173828125 4147.143027421136 28519
2200 36.8 4707.1737571384565 14639.508993992813 61313.166015625 43.253173828125 4209.368678878017 28891
2210 29.7 283.44714067760947 2866.111059185738 61313.166015625 43.253173828125 4215.629735947631 29259
2220 35.2 119.48173384232955 18.85096221612007 61313.166015625 43.253173828125 4176.116329844126 29556
2230 30.8 126.36420311865871 46.246550425172494 61313.166015625 43.253173828125 4128.37206818194 29908
2240 33.2 188.2190206137047 164.5405992661616 61313.166015625 43.253173828125 4087.5785011168264 30216
2250 30 121.31363525390626 17.32674157870725 61313.166015625 43.253173828125 4045.199708805479 30548
2260 27.1 117.68824323253 19.723089387676367 61313.166015625 43.253173828125 4007.039509698066 30848
2270 30.4 118.63053813733552 16.79292560829043 61313.166015625 43.253173828125 3973.1690706347235 31119
2280 24.5 511.23969029017854 742.1091214543897 61313.166015625 43.253173828125 3935.8785600571464 31423
2290 16.7 5270.391414436755 1534.0242888656642 61313.166015625 43.253173828125 3909.383785423671 31668
2300 20.4 7812.1982529584075 4069.033346302184 61313.166015625 43.253173828125 3916.5233574056147 31835
2310 23.5 9767.565825506981 6681.626250645174 61313.166015625 43.253173828125 3941.328054140618 32039
2320 28.9 10463.475502304556 9197.54314151229 61313.166015625 43.253173828125 3983.751239251577 32274
2330 28.1 12294.07476437389 10912.564560448576 61313.166015625 43.253173828125 4041.2594636787585 32563
2340 35.2 11818.70464533026 12667.699168142983 61313.166015625 43.253173828125 4111.86721850446 32844
2350 53.9 10941.002351268984 11799.320474566766 61313.166015625 43.253173828125 4193.588111812168 33196
2360 36.8 8529.310609237009 12109.726465720592 61313.166015625 43.253173828125 4301.394730311271 33735
2370 34.4 3155.0298284486303 9837.914235266737 61313.166015625 43.253173828125 4347.017492046152 34103
2380 27.3 8607.993188208273 17129.951940611394 61313.166015625 43.253173828125 4335.113879067445 34447
2390 45.5 8701.950445891986 14712.642952829998 61313.166015625 43.253173828125 4368.71111557077 34720
2400 31.4 2889.812720037569 8695.459038675011 61313.166015625 43.253173828125 4424.762967604775 35175
2410 69.7 3307.6718781524614 8793.981733721084 61313.166015625 43.253173828125 4411.182016387888 35489
2420 62.2 44.429527356310274 11.659701775197908 61313.166015625 43.253173828125 4389.926653364893 36186
2430 41.8 271.0895429547322 1246.945060723216 61313.166015625 43.176025390625 4316.494268764335 36808
2440 66.4 3570.5177777761437 4026.81859294126 61313.166015625 43.176025390625 4271.069587751376 37226
2450 73.8 1411.508854563644 3354.0220760119787 61313.166015625 43.176025390625 4258.792828663924 37890
2460 65.9 2266.602341230797 7876.940813332392 61313.166015625 43.176025390625 4204.394579391738 38628
2470 58.7 501.5089217385807 3403.815992467864 61313.166015625 43.176025390625 4171.890059195539 39287
2480 63.8 179.97530467831612 1196.6335539263812 61313.166015625 43.176025390625 4117.857011904391 39874
2490 61.8 131.6773025858363 23.59332586782546 61313.166015625 43.176025390625 4055.8415959977397 40512
2500 65.9 221.64700266443 2340.262804181637 61313.166015625 43.176025390625 3996.878952347641 41130
2510 61.2 129.18559434678818 22.20522211245123 61313.166015625 43.176025390625 3937.3446764654414 41789
2520 61 128.9517754226434 24.335328460184023 61313.166015625 43.176025390625 3882.379148335053 42401
2530 62.2 135.01202529956288 37.822056762269355 61313.166015625 43.176025390625 3829.146470706619 43011
2540 62.1 138.44978959088158 35.174575421955886 61313.166015625 43.176025390625 3776.485603357521 43633
2550 63.5 136.57140209768693 32.597194006414455 61313.166015625 43.176025390625 3725.4343935154934 44254
2560 62.9 131.7228390643631 23.99179210932977 61313.166015625 43.176025390625 3674.666321169255 44889
2570 66.9 132.32938803543078 22.883054415920824 61313.166015625 43.176025390625 3625.7074158956493 45518
2580 57.1 128.16895899463654 21.8614327090794 61313.166015625 43.176025390625 3575.107249168248 46187
2590 42.3 3811.32757265348 2295.966362263545 61313.166015625 29.0888671875 3533.0138798263356 46758
2600 38 3423.599653705799 3923.865699117659 61313.166015625 29.0888671875 3535.5090938333697 47181
2610 63.5 3765.9876953125 6342.228180142582 61313.166015625 29.0888671875 3534.6149665600055 47561
2620 63.1 5415.110209953196 9043.964254742132 61313.166015625 29.0888671875 3537.663387233046 48196
2630 63.8 7281.76067254237 11926.5197455046 61313.166015625 29.0888671875 3561.9259662392597 48827
2640 55.6 6702.696265790106 12378.015888322112 61313.166015625 29.0888671875 3609.904426617737 49465
2650 61.4 6797.565230080675 12236.965471784659 61313.166015625 29.0888671875 3644.281833358503 50021
2660 60.9 8018.686808067784 13808.120681702405 61313.166015625 29.0888671875 3682.5185472044077 50635
2670 82.3 8760.772522343486 16680.033227235603 61313.166015625 29.0888671875 3734.050950429484 51244
2680 79.2 8149.929923009377 15237.313752567941 61313.166015625 29.0888671875 3813.506111158645 52067
2690 80 8266.676074829102 15540.885923500293 61313.166015625 29.0888671875 3878.4798650886437 52859
2700 57.6 2376.0109473334414 9006.013088088006 61313.166015625 29.0888671875 3943.9033162858773 53659
2710 42.9 3277.608786558493 9470.626020814454 61313.166015625 29.0888671875 3927.251596833188 54235
2720 74.1 3585.923168187518 8209.472035137018 61313.166015625 29.0888671875 3922.1532365666903 54664
2730 69.9 5330.179996954351 11573.369055164574 61313.166015625 29.0888671875 3917.656413524204 55405
2740 60.5 4884.610802718235 11943.027983216036 61313.166015625 29.0888671875 3935.2550514968557 56104
2750 67 3711.086910418611 10493.69811733309 61313.166015625 29.0888671875 3945.383253889579 56709
2760 54.1 3327.437412903623 6658.69848487563 61313.166015625 29.0888671875 3942.647435033803 57379
2770 61 3668.439479540216 6183.2928401674435 61313.166015625 29.0888671875 3936.9010845163234 57920
2780 66.1 4541.11762222544 6639.725629548478 61313.166015625 29.0888671875 3934.1031761097724 58530
2790 66.7 1432.9592416926314 4229.225335285074 61313.166015625 29.0888671875 3940.8818510583706 59191
2800 38.5 3944.10316368202 9163.227125938896 61313.166015625 29.0888671875 3912.9359728057234 59858
2810 59.9 4374.1325292316715 9547.028292907857 61313.166015625 29.0888671875 3913.1351555902356 60243
2820 75.5 6014.27991094526 9726.0192239845 61313.166015625 29.0888671875 3917.6737543675804 60842
2830 58.4 2213.593363304664 6944.625114605717 61313.166015625 29.0888671875 3943.372045651509 61597
2840 69.2 5191.295416506732 12037.010724790694 61313.166015625 29.0888671875 3927.126074205399 62181
2850 69.2 4963.642114892862 12098.534322292933 61313.166015625 29.0888671875 3941.0399193356225 62873
2860 70.2 3622.192281261133 11445.460829904152 61313.166015625 29.0888671875 3952.172472144961 63565
2870 68.2 3372.475512552123 11757.546981253958 61313.166015625 29.0888671875 3948.568039170021 64267
2880 64 826.6624183654785 6125.736175405797 61313.166015625 29.0888671875 3942.5187527583225 64949
2890 61.9 1510.2285956905037 7754.969014672783 61313.166015625 29.0888671875 3912.115056193176 65589
2900 63.1 1169.5193443721532 4433.128730984048 61313.166015625 29.0888671875 3889.6590430368933 66208
2910 58.4 1742.1293301517017 4345.471787496013 61313.166015625 29.0888671875 3863.9793029172406 66839
2920 57.8 656.121211596426 2503.2090158843384 61313.166015625 29.0888671875 3845.6004057442424 67423
2930 68.7 1401.581882349094 6097.897530436672 61313.166015625 29.0888671875 3818.4902312730223 68001
2940 67.7 2787.953321538617 8559.725698938648 61313.166015625 29.0888671875 3794.3169253722717 68688
2950 69 5114.091685065674 11336.902265406285 61313.166015625 29.0888671875 3784.4948514186153 69365
2960 63.1 521.6380346331472 1998.3351760385776 61313.166015625 29.0888671875 3797.5905878430885 70055
2970 60.5 226.87923674780475 1749.4712379693315 61313.166015625 29.0888671875 3768.34680461762 70686
2980 61.2 126.5305135888991 20.61350004693637 61313.166015625 29.0888671875 3738.2926900931884 71291
2990 59.1 126.56582543490906 18.19102617502848 61313.166015625 29.0888671875 3707.5512961037775 71903
3000 61.8 135.259870313132 28.209307653137635 61313.166015625 29.0888671875 3678.357674381079 72494
3010 97 958.330258839401 557.8235644681173 61313.166015625 29.0888671875 3648.4086312292848 73112
3020 87 1747.3091631308369 1623.6596719715017 61313.166015625 29.0888671875 3613.1858237832357 74082
3030 126.8 1623.4877390575716 4069.5820013759085 61313.166015625 29.0888671875 3591.5277933802095 74952
3040 123.1 2831.568173740858 6822.612000313996 61313.166015625 29.0888671875 3558.7873736887755 76220
3050 128 3786.115986251831 9404.9896660342 61313.166015625 29.0888671875 3547.2290098828094 77451
3060 120.7 3840.066129746077 9954.178915332646 61313.166015625 29.0888671875 3551.112808256415 78731
3070 116.4 3731.3231941563977 9806.239344803535 61313.166015625 29.0888671875 3555.4757727919055 79938
3080 117.5 4120.111349110704 10415.229187265371 61313.166015625 29.0888671875 3557.999587228889 81102
3090 116.3 5391.649480398211 11273.95775506127 61313.166015625 29.0888671875 3566.027120077816 82277
3100 152 5010.848109355727 11182.736355625158 61313.166015625 29.0888671875 3591.4729350952252 83440
3110 130.6 3399.9085525115424 11189.082636810783 61313.166015625 29.0888671875 3616.8666529021457 84960
3120 126.7 5880.259712249351 14160.052936075044 61313.166015625 29.0888671875 3613.5820763701386 86266
3130 106.1 3942.078550692891 10306.004952061608 61313.166015625 26.576904296875 3646.3911948129994 87533
3140 125.6 3144.7249526491582 5186.742586588871 61313.166015625 26.158935546875 3649.932340766321 88594
3150 127.4 4342.432087130223 9622.328064479369 61313.166015625 25.89111328125 3642.870120627477 89850
3160 122.8 3824.918685863383 7363.6935353281815 61313.166015625 25.878173828125 3652.6506608290097 91124
3170 126.4 3930.300058485588 8387.20886393724 61313.166015625 25.878173828125 3654.9413002817796 92352
3180 132.3 2859.9050034618863 4384.978996781071 61313.166015625 25.878173828125 3658.659184728558 93616
3190 120.5 2773.0749280747496 1178.1921864999692 61313.166015625 25.878173828125 3647.528334584615 94939
3200 97.3 2727.2051385955956 1373.2212591699604 61313.166015625 25.878173828125 3636.568562213543 96144
3210 121.8 1522.2683953346307 3684.9132146286556 61313.166015625 25.878173828125 3627.457792614191 97117
3220 121.1 2833.1334398869762 6664.520471959337 61313.166015625 25.878173828125 3601.382430984186 98335
3230 129.8 4875.759603867724 10491.535931658384 61313.166015625 25.878173828125 3592.036505198934 99546
3240 125.3 3670.2773918766834 9774.719649104249 61313.166015625 25.878173828125 3608.559774625693 100844
3250 113.9 3918.273127126317 10038.360090953318 61313.166015625 25.878173828125 3609.317212889457 102097
3260 128.8 6574.052545583023 12626.475024013998 61313.166015625 25.878173828125 3612.725915147543 103236
3270 122.1 3655.7971587309958 6612.714424732079 61313.166015625 25.878173828125 3649.216947829041 104524
3280 113.2 3706.1243098498235 4874.990174094516 61313.166015625 25.878173828125 3649.2929271898743 105745
3290 142.4 8168.2006163865035 14571.509630056575 61313.166015625 25.878173828125 3649.8948632955944 106877
3300 139.8 2450.494391751054 4912.385783782681 61313.166015625 25.878173828125 3709.3039859482146 108301
3310 112.5 1124.3359077690964 3903.5363032003465 61313.166015625 25.878173828125 3693.261763022868 109699
3320 142.2 1831.2674289279507 7780.262429482785 61313.166015625 25.878173828125 3667.184003808614 110824
3330 139.5 3471.6223176033327 10342.740149256084 61313.166015625 25.878173828125 3643.9255057821338 112246
3340 118.9 764.7392530898478 5327.6624103169825 61313.166015625 25.878173828125 3641.8103981404424 113641
3350 111.2 960.2112828536 4545.679904097182 61313.166015625 25.878173828125 3612.019946242287 114830
3360 125.1 1735.0489934224495 4632.395587937083 61313.166015625 25.878173828125 3586.5864429933504 115942
3370 134 1762.9906608923166 4890.466913357167 61313.166015625 25.878173828125 3566.8218380304843 117193
3380 118 746.8355423232256 4188.444873085516 61313.166015625 25.878173828125 3546.42976344058 118533
3390 125.8 572.4000938912832 1483.3319463919142 61313.166015625 25.878173828125 3518.834421406561 119713
3400 120.9 878.0623334027987 2145.9580529972823 61313.166015625 25.878173828125 3488.1939010833908 120971
3410 122.3 545.6558413688804 1743.2787179048948 61313.166015625 25.878173828125 3462.3660318304374 122180
3420 126.5 2714.272900583624 10290.027424565045 63831.860107421875 25.878173828125 3433.4596311518926 123403
3430 127.7 1391.1309150092393 1836.646366895506 63831.860107421875 25.878173828125 3426.162079140399 124668
3440 118.1 1671.3728591699307 4455.806869589967 63831.860107421875 25.878173828125 3405.5281929472553 125945
3450 92.5 1602.159950380068 4504.583697712581 63831.860107421875 25.878173828125 3389.4178972627296 127126
3460 127.1 2407.3581193373193 5392.030755580397 63831.860107421875 25.878173828125 3376.5073100680456 128051
3470 125.8 3990.1606462778827 8543.32654953737 63831.860107421875 25.878173828125 3366.9823365800175 129322
3480 119.7 4755.067478673907 10657.988817470936 63831.860107421875 25.878173828125 3372.9859995728184 130580
3490 115.3 4416.988575785655 10472.009742809698 63831.860107421875 25.878173828125 3385.540174660155 131777
3500 115 4632.526552309787 10571.721740810588 63831.860107421875 25.878173828125 3394.4866879114734 132930
3510 131.6 4190.53369047867 11154.826274366142 63831.860107421875 25.878173828125 3405.1053174166796 134080
3520 151.8 6230.432974070274 12723.230012388314 63831.860107421875 25.878173828125 3412.739396259109 135396
3530 140 4205.378493303583 10865.58799879441 63831.860107421875 25.878173828125 3443.9798745967323 136914
3540 133 3986.0926733949173 12684.499417201734 63831.860107421875 25.878173828125 3451.6866726518065 138314
3550 126.1 1737.6827412907064 8821.04100624886 63831.860107421875 25.878173828125 3456.7764722922375 139644
3560 125.6 2574.0773054961187 10750.261563399554 63831.860107421875 25.878173828125 3441.3918003871036 140905
3570 126 1663.7803242032485 7705.934748753641 63831.860107421875 25.878173828125 3433.729030671196 142161
3580 125.5 1059.6624391107453 3352.065358096406 63831.860107421875 25.878173828125 3418.1794572464564 143421
3590 126.1 1230.349841705492 6155.803512065318 63831.860107421875 25.878173828125 3397.7203703366695 144676
3600 124 800.7280891664566 5536.540147339787 63831.860107421875 25.878173828125 3378.992739669985 145937
3610 202.1 1228.8356321128153 1319.1469272896975 63831.860107421875 25.878173828125 3357.27026831492 147177
3620 245.6 1689.1163743606228 1670.9985466344856 63831.860107421875 25.83984375 3328.439007843838 149198
3630 240.1 1702.8423989394066 1653.9818822590016 63831.860107421875 25.76806640625 3301.890572670122 151654
3640 245.9 1663.007732079543 1660.882248213589 63831.860107421875 25.766845703125 3276.9688585736794 154055
3650 244.9 1665.2280016237485 1643.060338440334 63831.860107421875 25.766845703125 3251.6118271895916 156514
3660 248.9 1646.9112672909264 1647.206286154104 63831.860107421875 25.766845703125 3227.1718380801085 158963
3670 244.8 1651.246399125244 1645.0727892029172 63831.860107421875 25.766845703125 3202.809993316994 161452
3680 245.5 1684.375059966108 1695.2094904274716 63831.860107421875 25.766845703125 3179.6359379260152 163900
3690 221.3 1631.7163758896304 1565.4995325727018 63831.860107421875 25.766845703125 3157.569480919063 166355
3700 240.3 927.4865092747018 3138.5067199094024 63831.860107421875 25.766845703125 3137.5377256545403 168568
3710 251.8 1602.1832159040841 5359.960388563629 63831.860107421875 25.766845703125 3106.4754222641363 170971
3720 239.7 2307.0472678453857 7675.736868686185 63831.860107421875 25.766845703125 3084.6422929267455 173489
3730 236.3 2153.3246616746137 7599.411143596808 63831.860107421875 25.766845703125 3074.0451147822655 175886
3740 235.2 2234.7654741767324 7531.731814403441 63831.860107421875 25.766845703125 3061.839366471232 178249
3750 233.3 4158.20573342229 8940.592230889908 63831.860107421875 25.766845703125 3051.0682312356757 180601
3760 248 862.1465627362651 4145.865638995593 63831.860107421875 25.766845703125 3065.187814214244 182934
3770 246.8 1334.2772755924263 5875.225205368658 63831.860107421875 25.766845703125 3035.7210948528937 185414
3780 271.1 4389.924073346305 11444.060890388062 63831.860107421875 25.766845703125 3013.3710914149124 187882
3790 246.7 1037.69316956482 5259.593996061915 63831.860107421875 25.766845703125 3032.95121835565 190593
3800 237.6 1063.904793684731 5324.060010063148 63831.860107421875 25.766845703125 3007.454991243006 193060
3810 255.9 1288.8328528752684 5973.304087698969 63831.860107421875 25.766845703125 2983.8264106877427 195436
3820 213.3 992.0105283784571 5079.07304818374 63831.860107421875 25.766845703125 2961.9193498304376 197995
3830 215.5 2872.0106318427324 5875.236658149749 63831.860107421875 25.766845703125 2940.9237094594896 200128
3840 305.8 2248.447060045499 4636.092360381688 63831.860107421875 25.766845703125 2940.1895514617136 202283
3850 259.9 909.3661700751799 4295.019656883176 63831.860107421875 25.766845703125 2929.8879139964693 205341
3860 222.2 1756.278255926178 6590.261800591334 63831.860107421875 25.766845703125 2904.6338214098987 207940
3870 234.3 1177.5851575629192 5384.746531374173 63831.860107421875 25.766845703125 2892.4924920234976 210162
3880 164.6 3132.194986039787 5048.613815614153 63831.860107421875 25.766845703125 2873.584570399813 212505
3890 326.3 2212.821898628443 6743.472699435035 63831.860107421875 25.766845703125 2875.572292820644 214151
3900 256 1534.5890363693243 5605.991724148321 63831.860107421875 25.766845703125 2865.6255803906756 217414
3910 194.5 3448.794484555755 7394.599334004147 63831.860107421875 25.766845703125 2850.1353244845473 219974
3920 293.1 2569.7699020005725 8029.849660036931 63831.860107421875 25.766845703125 2855.3822482104947 221919
3930 243.9 1683.904296474604 6366.681310815555 63831.860107421875 25.766845703125 2851.6591893412874 224850
3940 239.9 2749.661003262262 8430.11993476972 63831.860107421875 25.766845703125 2839.1282081512522 227289
3950 208.2 3947.4975610562697 10801.359233265544 63831.860107421875 25.766845703125 2838.1937587044868 229688
3960 298 1525.278752064546 6328.419934450269 63831.860107421875 25.766845703125 2848.158683054042 231770
3970 259.4 1648.489277953631 6366.5761801683775 63831.860107421875 25.766845703125 2831.36557466491 234750
3980 218.4 2277.935334705169 7991.590621012383 63831.860107421875 25.766845703125 2818.4375835900605 237344
3990 132.3 1690.750814909297 5543.071719231351 63831.860107421875 25.766845703125 2813.5093208752023 239528
4000 284.5 3061.41798162209 6764.058499427263 63831.860107421875 25.766845703125 2807.341982963411 240851
4010 274.2 3794.0134989643234 5513.328329315427 63831.860107421875 25.766845703125 2810.308163024569 243696
4020 256.4 1721.76818095429 4620.439742186925 63831.860107421875 25.766845703125 2821.2533907538427 246438
4030 223 829.4937021571952 5137.9631905673505 63831.860107421875 25.766845703125 2809.9318749510535 249002
4040 226.6 1239.1611541451744 4362.869734078037 63831.860107421875 25.766845703125 2792.3529951692967 251232
4050 232.4 2212.040665171848 3821.6610417495876 63831.860107421875 25.766845703125 2778.469127400081 253498
4060 229.1 3565.9400974175455 4888.5248814848055 63831.860107421875 25.766845703125 2773.323441156449 255822
4070 253.1 3816.616026602164 6235.257221699264 63831.860107421875 25.766845703125 2780.3586728553337 258113
4080 243.6 3390.6954828772855 3647.9452725265214 63831.860107421875 25.766845703125 2790.421315242395 260644
4090 243.1 2969.6016561993856 933.7096001617915 63831.860107421875 25.766845703125 2795.9795784032535 263080
4100 245.2 3040.9047675327233 1028.5617411044598 63831.860107421875 25.766845703125 2797.5692499088495 265511
4110 239 3063.4576541661254 527.2557585871635 63831.860107421875 25.766845703125 2799.795895711493 267963
4120 236.3 2362.8483408356 548.9073356688699 63831.860107421875 25.766845703125 2802.126743169101 270353
4130 240.7 3054.490215407699 1014.4627590147899 63831.860107421875 25.766845703125 2798.320531341727 272716
4140 240 3362.9921862792985 1171.5507419698947 63831.860107421875 25.766845703125 2800.5617123027764 275123
4150 236 2876.5043183924763 1549.1615871439672 63831.860107421875 25.766845703125 2805.4255727307177 277523
4160 241.3 2977.16645625178 3031.460944506187 63831.860107421875 25.766845703125 2806.02491545522 279883
4170 212.8 4337.129601844281 5021.483696498493 63831.860107421875 25.766845703125 2807.4877932074446 282296
4180 327.7 2111.4116957440147 6046.894189069036 63831.860107421875 25.766845703125 2818.9322485585376 284424
4190 206.6 2105.884802376086 7299.289790455049 63831.860107421875 25.766845703125 2810.8733789280077 287701
4200 251.1 2031.1399311778164 6396.406387209896 63831.860107421875 25.766845703125 2805.846904556681 289767
4210 44.1 11759.476807194233 13547.49707257642 63831.860107421875 25.766845703125 2799.1912917149534 292278
4220 26.9 29781.44626818802 6107.0335581780055 63831.860107421875 25.766845703125 2812.690538133281 292719
4230 11.9 29929.453217322087 1182.1521287853889 63831.860107421875 25.766845703125 2837.4512631165044 292988
4240 5.2 55510.697791466344 10703.264016453453 63831.860107421875 25.766845703125 2848.450482625252 293107
4250 5.8 60098.818864493536 20.813562922078173 63831.860107421875 25.766845703125 2857.791614434474 293159
4260 5.7 58947.54299016584 2882.7839599037475 63831.860107421875 25.766845703125 2869.114217082013 293217
4270 0.6 60111.58736165365 13.417378996625816 63831.860107421875 25.766845703125 2880.0134800240594 293274
4280 0 0 0 63831.860107421875 25.766845703125 2881.184338736859 293280
4290 0 0 0 63831.860107421875 25.766845703125 2881.184338736859 293280
4300 0 0 0 63831.860107421875 25.766845703125 2881.184338736859 293280
4310 0 0 0 63831.860107421875 25.766845703125 2881.184338736859 293280
4320 0 0 0 63831.860107421875 25.766845703125 2881.184338736859 293280
4321 0 0 0 63831.860107421875 25.766845703125 2881.184338736859 293280
