10 3.7 1295.3371450063344 411.96442690332134 2486.732177734375 935.19091796875 0 0
20 3.2 1174.9942321777344 335.0244358753742 2486.732177734375 935.19091796875 1295.3371450063344 37
30 3.9 1193.6543406951123 436.2810422510384 2855.593017578125 935.19091796875 1239.5259390568388 69
40 3.8 1913.7738229851973 877.767755742358 3491.182861328125 935.19091796875 1222.9611952039932 108
50 3.3 1282.7755607836175 469.63474289928206 3491.182861328125 935.19091796875 1402.761742160745 146
60 3.6 1105.270060221354 243.24981727373864 3491.182861328125 935.19091796875 1380.6413847001572 179
70 3.6 1295.0399983723958 427.0929850335684 3491.182861328125 935.19091796875 1334.5326978106832 215
80 4.1 509.1429532679116 652.5834603676462 3491.182861328125 96.94189453125 1328.8684062577813 251
90 2.8 114.45555768694196 10.041720190136862 3491.182861328125 96.94189453125 1213.769969365368 292
100 4.6 113.5149456521739 10.353428814363946 3491.182861328125 96.919921875 1117.579958343506 320
110 3.8 113.05967310855263 10.98678270709978 3491.182861328125 95.93798828125 991.3859949997866 366
120 4 809.4686218261719 590.5400151635001 3491.182861328125 95.93798828125 908.7711429407101 404
130 4 1030.8976684570314 717.9927694862023 3491.182861328125 95.93798828125 899.8249698673283 444
140 4.3 1202.7090638626453 705.6034276682244 3491.182861328125 95.93798828125 910.6574242962294 484
150 4.7 435.08198449966756 1060.3353251977321 4959.726806640625 95.93798828125 934.4870647162595 527
160 3.3 1005.5089148319129 336.69552117040314 4959.726806640625 95.93798828125 893.5950111096745 574
170 4.3 1080.5378020530527 258.16040314817707 4959.726806640625 95.93798828125 899.679292531147 607
180 4.2 1137.003673735119 281.9237558045486 4959.726806640625 95.93798828125 911.6437785456731 650
190 3.9 494.8043244190705 541.8882983915076 4959.726806640625 95.757080078125 925.3216912594834 692
200 4.5 116.82644314236111 13.095687023747198 4959.726806640625 95.343017578125 902.3529124540441 731
210 4.5 113.3765842013889 11.626513841705153 4959.726806640625 95.343017578125 856.8004754449903 776
220 3.6 116.34156629774306 24.379906706070088 4959.726806640625 95.135986328125 816.0525155108099 821
230 3.4 114.62204159007354 13.365325665582388 4959.726806640625 95.135986328125 786.6597568507511 857
240 4.9 115.23048867984694 15.395141271975142 4959.726806640625 95.135986328125 761.0152200170104 891
250 4.2 1081.3189406622023 284.4112301811034 4959.726806640625 95.135986328125 727.3519733834773 940
260 4.8 1106.475784301758 228.03667653809137 4959.726806640625 95.135986328125 742.491090110266 982
270 4.5 469.12484266493055 531.031056753139 4959.726806640625 95.135986328125 759.453483625986 1030
280 3.8 113.05250950863487 10.972875240697025 4959.726806640625 95.135986328125 747.300191678779 1075
290 4.4 113.3442216352983 11.110606598928506 4959.726806640625 94.406005859375 725.6457335274173 1113
300 3.4 116.10653866038604 14.904739625725782 4959.726806640625 94.406005859375 702.3602827726608 1157
310 3.9 429.9967823517628 526.346044674587 4959.726806640625 94.406005859375 685.6242396997662 1191
320 4.6 1247.9162969174595 418.4117519850947 4959.726806640625 94.406005859375 677.5189788570248 1230
330 4 1152.9869445800775 343.97924721038845 4959.726806640625 94.406005859375 698.0818915770718 1276
340 3.6 1043.8342081705728 184.44034881735695 4959.726806640625 94.406005859375 711.9087928841541 1316
350 4.1 1127.4449194931399 367.1298735669702 4959.726806640625 94.406005859375 720.7470435870468 1352
360 3 1045.3716959635417 211.4160006437028 4959.726806640625 94.406005859375 732.7173328276426 1393
370 4.8 840.6043345133461 400.74982441960844 4959.726806640625 94.406005859375 739.3087811017656 1423
380 3.2 116.25847625732422 14.590812833770737 4959.726806640625 94.406005859375 742.6141424639383 1471
390 3.9 119.06810897435898 15.295657124477062 4959.726806640625 94.406005859375 729.2785594176231 1503
400 3.3 113.93119673295455 12.246325531615414 4959.726806640625 94.406005859375 713.8452211768401 1542
410 3 117.83651529947916 12.358009447082098 4959.726806640625 94.406005859375 701.2755939980159 1575
420 2.6 114.75930551382211 13.92223681294942 4959.726806640625 94.406005859375 690.3701906578563 1605
430 3.4 122.92067583869485 45.38625224117464 4959.726806640625 94.406005859375 681.1942967193248 1631
440 5.1 144.4355851715687 67.87053065202457 4959.726806640625 94.406005859375 669.794114671312 1665
450 3.9 115.66473232171474 10.574391775577363 4959.726806640625 94.406005859375 654.1803122211447 1716
460 4 120.17870483398437 21.563107914128782 4959.726806640625 94.406005859375 642.2132993344908 1755
470 4.2 113.44928269159226 9.98048770254119 4959.726806640625 94.406005859375 630.5802164486856 1795
480 4.4 114.87700861150569 11.609412992169 4959.726806640625 94.406005859375 618.7568635810765 1837
490 4.3 114.03539471293605 14.964005461309064 4959.726806640625 94.406005859375 606.9702003069344 1881
500 4.1 114.27918373666158 11.356341986407054 4959.726806640625 94.406005859375 595.9534660862786 1924
510 3.3 553.4974920099431 474.03025163688795 4959.726806640625 94.406005859375 585.903264775167 1965
520 3 990.2595784505208 131.84513895865848 4959.726806640625 94.406005859375 585.3680342940597 1998
530 4.2 1028.3665422712054 179.93222770617183 4959.726806640625 94.406005859375 591.357554178031 2028
540 3.5 1012.0588309151785 114.84209233801656 4959.726806640625 94.406005859375 600.2244032118056 2070
550 4.6 1107.2990244989812 241.29095573854903 4959.726806640625 94.406005859375 607.072006522788 2105
560 4.1 382.23810261051835 473.0658035307072 4959.726806640625 94.406005859375 617.7695624627717 2151
570 3.9 116.32866962139423 15.871448294699048 4959.726806640625 94.406005859375 613.3640926388929 2192
580 4.7 115.06345578457447 13.071462231801645 4959.726806640625 94.406005859375 604.6754411383629 2231
590 3.3 115.96140358664773 14.310775011721908 4959.726806640625 94.406005859375 594.5737013176306 2278
600 3.9 112.83497971754808 11.005338102228002 4959.726806640625 94.406005859375 587.7393413759938 2311
610 8.7 121.50549176095546 23.99065612201369 4959.726806640625 94.406005859375 579.8579498420877 2350
620 8.7 117.26907383710488 14.665566763124126 4959.726806640625 94.406005859375 563.4949363611445 2437
630 7.2 778.0433315700957 574.0077281504623 4959.726806640625 94.406005859375 548.1139339682794 2524
640 6.6 1125.1639811197917 311.73999081821046 4959.726806640625 94.406005859375 554.491020496527 2596
650 7.5 1250.7421842447916 463.937619078982 4959.726806640625 94.406005859375 568.6399368756162 2662
660 6.9 1222.800660948823 353.1436523077736 4959.726806640625 94.406005859375 587.3310835883265 2737
670 8.2 1457.307081269055 518.9230367935658 4959.726806640625 94.406005859375 602.9573846709616 2806
680 9.2 1328.3152784264605 979.5147310657914 4959.726806640625 94.406005859375 627.2152361671679 2888
690 7.7 114.91217595880681 13.259507951680023 4959.726806640625 94.406005859375 648.8599354583944 2980
700 9.2 115.0115329908288 13.038633464332158 4959.726806640625 94.406005859375 635.4108096875509 3057
710 8.3 113.77455525225903 11.36300802985975 4959.726806640625 94.18701171875 620.2070200857413 3149
720 8.6 114.27597826580669 11.123859808997938 4959.726806640625 94.18701171875 607.2014833960201 3232
730 8.5 122.74274471507353 33.46938267790633 4959.726806640625 94.18701171875 594.4252346192876 3318
740 6.1 115.89503554047131 13.38850075965316 4959.726806640625 94.18701171875 582.6435679599111 3403
750 5.6 117.2457754952567 12.55338876442315 4959.726806640625 94.18701171875 574.4242664363586 3464
760 8.3 116.42121317300452 15.154988484138977 4959.726806640625 94.18701171875 567.1509722622956 3520
770 9.2 116.0456251061481 13.053676785545756 4959.726806640625 94.18701171875 556.7677999047015 3603
780 8.3 112.10886907003012 10.532363426382224 4959.726806640625 94.18701171875 545.7944737662801 3695
790 8.5 116.03948184742647 13.93157489217528 4959.726806640625 94.18701171875 536.2667063788294 3778
800 7.5 117.49221028645833 12.892994489255859 4959.726806640625 94.18701171875 527.0201844825909 3863
810 8.8 115.09761186079545 11.359723235722502 4959.726806640625 94.18701171875 519.2206420588454 3938
820 7.1 116.12151325924296 13.661375134162816 4959.726806640625 94.18701171875 510.38735178129247 4026
830 9.5 117.65055509868421 14.563498192419559 4959.726806640625 94.18701171875 503.5548219948474 4097
840 6.7 753.8268824335355 462.02647806022816 4959.726806640625 94.18701171875 494.80937701509174 4192
850 10.3 875.3521692961165 606.8852929706748 4959.726806640625 94.18701171875 498.88408301721336 4259
860 7.2 116.14070298936632 12.787891579848365 4959.726806640625 94.18701171875 507.7736320513094 4362
870 8.5 1127.08814051011 287.19817822144114 4959.726806640625 94.18701171875 501.4142340151209 4434
880 8.4 1135.9329775855651 243.35500949094998 4959.726806640625 94.18701171875 513.1828292910833 4519
890 9.6 1238.184717814128 389.2386515003825 4959.726806640625 94.18701171875 524.5473768593511 4603
900 9.6 1253.170135498047 471.8056678569487 4959.726806640625 94.18701171875 539.1269011691315 4699
910 8.6 1330.1089775617736 416.72263853915274 4959.726806640625 94.18701171875 553.4226572683132 4795
920 7.5 1285.0666569010416 527.3217436081326 4959.726806640625 94.18701171875 567.1073578512342 4881
930 8 1441.5197631835933 613.1403377096325 4959.726806640625 94.18701171875 577.9723593501719 4956
940 7.1 1073.7186193331866 209.97346617027534 4959.726806640625 94.18701171875 591.6903482911318 5036
950 7.4 1246.9932267472554 394.5539141383204 4959.726806640625 94.18701171875 598.3917399582526 5107
960 8.4 1207.40765671503 378.7780411264841 4959.726806640625 94.18701171875 607.65568707703 5181
970 8.4 1246.9604027157727 419.94371538964293 4959.726806640625 94.18701171875 617.224379470115 5265
980 8.1 1193.8626814477245 380.05527729688 4959.726806640625 94.18701171875 627.1136720393121 5349
990 8.9 829.3814217213834 532.7006708353242 4959.726806640625 94.18701171875 635.5679390304873 5430
1000 8.2 115.61874761814025 12.859023355620113 4959.726806640625 94.18701171875 638.6933965335656 5519
1010 7.2 114.82056681315105 11.97436837809085 4959.726806640625 94.18701171875 631.0354566637094 5601
1020 10 115.16396728515625 11.563186130935035 4959.726806640625 94.18701171875 624.4838134292231 5673
1030 8.9 122.55440769838484 34.997111974874386 4959.726806640625 94.18701171875 615.6613667612157 5773
1040 7.5 116.49294921875 13.61595725779739 4959.726806640625 94.18701171875 608.1747547931858 5862
1050 7 337.57601841517857 398.5096882007408 4959.726806640625 94.18701171875 601.9635141972481 5937
1060 6.6 1088.097090287642 236.3913135450769 4959.726806640625 94.18701171875 598.8825878272222 6007
1070 6.9 1172.7142882416213 351.6561991137984 4959.726806640625 94.18701171875 604.1992611620465 6073
1080 9.2 1428.2201458474867 593.8061036402166 4959.726806640625 94.18701171875 610.5860304340247 6142
1090 7.6 1407.3015490080181 602.6375191123635 4959.726806640625 94.18701171875 622.6524947615894 6234
1100 8.5 1303.4656422334558 425.2384897833892 4959.726806640625 94.18701171875 632.1031014371407 6310
1110 8.7 317.2177790499283 415.85272479051923 4959.726806640625 94.18701171875 641.0266066705553 6395
1120 7.1 115.35492888974471 13.640330859618924 4959.726806640625 94.18701171875 636.6805147231634 6482
1130 7 765.9953892299108 500.7291624288887 4959.726806640625 94.18701171875 631.0320916201308 6553
1140 7.7 601.9880022321429 693.7894157697023 4959.726806640625 94.18701171875 632.4585495444377 6623
1150 7.8 522.8019643930288 661.312162914602 4959.726806640625 94.18701171875 632.1083656424904 6700
1160 7.8 1098.88826184395 330.66862033841954 4959.726806640625 94.18701171875 630.8504873159253 6778
1170 8 1210.4989990234376 473.38436718042243 4959.726806640625 94.18701171875 636.1753044707074 6856
1180 7.9 1115.1234888004356 255.10688722235668 4959.726806640625 94.18701171875 642.7995685370596 6936
1190 8.6 566.739311750545 600.2199576193995 4959.726806640625 94.18701171875 648.1186832485074 7015
1200 5 1164.023974609375 329.40672978628163 4959.726806640625 94.18701171875 647.1331000984123 7101
1210 15.4 582.2129064782874 789.4403553144721 4959.726806640625 94.18701171875 650.7472161277157 7151
1220 12.5 1821.200873046875 803.7545828953462 4959.726806640625 94.18701171875 649.3024134328475 7305
1230 14.6 2963.0724980602513 1375.3217609531146 5962.68505859375 94.18701171875 669.0180671948601 7430
1240 20.5 2551.7505776009916 2107.126653729046 6397.3779296875 94.18701171875 713.2276694792248 7576
1250 19.1 658.9616162365024 1744.8765626294528 7293.232177734375 94.18701171875 761.6658131837567 7781
1260 17.6 118.99181990189986 17.589003232886384 7293.232177734375 94.18701171875 759.205138118914 7972
1270 15 120.91588053385416 23.251694758279616 7293.232177734375 94.18701171875 745.3762790116245 8148
1280 14.3 117.3146989729021 15.059302536933647 7293.232177734375 94.18701171875 734.0881300875868 8298
1290 16.4 118.72652230611662 13.63147196995477 7293.232177734375 94.18701171875 723.639296934003 8441
1300 15.7 117.02075039808918 14.820663006282071 7293.232177734375 94.18701171875 712.1104538150056 8605
1310 14.8 117.9623644029772 15.509916356923316 7293.232177734375 94.18701171875 701.4474678030841 8762
1320 14 116.26338936941964 12.770914754374056 7293.232177734375 94.18701171875 691.7554593515448 8910
1330 15.5 119.25167118195564 24.653627404911614 7293.232177734375 94.18701171875 682.8528195949152 9050
1340 14.1 129.67901221742017 45.35934721993753 7293.232177734375 94.18701171875 673.3625232338062 9205
1350 16.6 120.23389260165662 18.94417301775254 7293.232177734375 94.18701171875 665.1601505553009 9346
1360 14.9 189.0245090971057 231.3940137888912 7293.232177734375 94.18701171875 655.6502936566145 9512
1370 13 1617.1499718299278 613.4338787243804 7293.232177734375 94.18701171875 648.4536016061677 9661
1380 17.4 1795.912131824713 1713.6678835535397 7293.232177734375 94.18701171875 661.31546741447 9791
1390 14.2 2536.0831831811165 1510.6913908817453 7589.170166015625 94.18701171875 681.1267890007603 9965
1400 17.8 2120.9642923762276 1902.3883592037148 7589.170166015625 94.18701171875 707.1883115073014 10107
1410 17.3 2124.075199546151 2047.2752659840369 7805.51611328125 93.77197265625 731.6561894455288 10285
1420 13.9 2614.7680839703244 1162.1093808179853 7805.51611328125 93.77197265625 754.6900858642903 10458
1430 18.3 3034.962513074196 1976.5328158797588 8356.76708984375 93.77197265625 779.0885799415516 10597
1440 15.9 3470.574114337657 2512.945959660817 9361.416015625 93.77197265625 817.38402797154 10780
1450 18.7 1993.224123704879 2562.404864150353 9361.416015625 93.77197265625 855.9485424365014 10939
1460 13.3 1467.5973074776782 564.9018535290221 9361.416015625 93.77197265625 875.0632767253012 11126
1470 13.8 1970.1145125679348 886.214991886892 9361.416015625 93.77197265625 882.0627461355567 11259
1480 17.8 1723.0355896681879 1460.9577832222171 9361.416015625 93.77197265625 895.2373661028873 11397
1490 12.4 886.2713367092995 1437.4349868302572 9361.416015625 93.77197265625 907.9672221542587 11575
1500 16.5 1624.68281397964 1889.1213984518245 9361.416015625 93.77197265625 907.7372632009144 11699
1510 14 2707.722563825336 2782.2537014105224 13086.089111328125 93.77197265625 917.708269259452 11864
1520 18.8 2191.183808022359 4225.257347299171 17778.25 93.77197265625 938.5848105156352 12004
1530 15.4 3256.386557046469 5917.8740560264305 21036.302978515625 93.77197265625 957.8998213039607 12192
1540 12.7 3505.1519881120817 5117.013921748667 21036.302978515625 93.77197265625 986.570399410582 12346
1550 17.4 2374.380097487875 5390.819270776878 21036.302978515625 93.77197265625 1012.2145797813902 12473
1560 13.5 4042.420366753472 7958.637370017581 26530.0087890625 93.77197265625 1030.9555302108145 12647
1570 20.5 6507.0471655868905 10681.7206429571 34103.522216796875 93.77197265625 1062.7618009769901 12782
1580 15.8 2219.7763301028476 5851.204910948094 40092.390869140625 93.77197265625 1148.6999313954877 12987
1590 20.5 1234.6540991806398 5893.682461135766 50308.24609375 93.77197265625 1161.574033411141 13145
1600 16 1692.2518280029296 6131.194435826916 50308.24609375 93.77197265625 1162.6962366682758 13350
1610 17.8 2203.782155240519 7760.229002856382 50308.24609375 93.77197265625 1168.9678054775686 13510
1620 14.7 117.32618682238521 14.77327725671129 50308.24609375 93.77197265625 1182.4246256308272 13688
1630 15.2 122.14679436934621 29.504302225462588 50308.24609375 93.77197265625 1171.1077141378862 13835
1640 14.7 118.85148278061224 15.485723547046955 50308.24609375 93.77197265625 1159.7084105127474 13987
1650 16 116.59959716796875 12.316933218398642 50308.24609375 93.77197265625 1148.8830271551258 14134
1660 16.8 117.88235618954613 16.919225633174808 50308.24609375 93.77197265625 1137.3281545653715 14294
1670 15.7 123.72822794337182 21.94339785394552 50308.24609375 93.77197265625 1125.4856089888856 14462
1680 17 988.8959271599263 849.3470692083602 50308.24609375 93.77197265625 1114.7272870226673 14619
1690 15.6 122.11731583032852 21.370816322927794 50308.24609375 93.77197265625 1113.280851754788 14789
1700 13.3 583.8076318726506 629.0620855257201 50308.24609375 93.77197265625 1102.934815514961 14945
1710 17.1 120.71477807474415 20.00879638836422 50308.24609375 93.77197265625 1098.3556992247086 15078
1720 14.9 151.9433266044463 166.87953706752515 50308.24609375 93.77197265625 1087.3925804945202 15249
1730 13.4 532.1873032299441 588.6762320123614 50308.24609375 93.77197265625 1078.340629667814 15398
1740 13.6 1980.5164130715764 1042.864289671946 50308.24609375 93.77197265625 1073.6287737740029 15532
1750 14.5 2807.413592739764 1656.186722376357 50308.24609375 93.77197265625 1081.5006603545792 15668
1760 15 3303.523375651041 2052.0669851791617 50308.24609375 93.77197265625 1097.3267132980973 15813
1770 14.9 4111.05111387112 2250.8671299783664 50308.24609375 93.77197265625 1118.0577475243042 15963
1780 15.4 4947.426502574574 2443.372071968535 50308.24609375 93.77197265625 1145.7362487398998 16112
1790 15.1 5026.690407051945 2465.0416054793186 50308.24609375 93.77197265625 1181.7291356875537 16266
1800 15.5 5415.460671307966 3040.352067246729 50308.24609375 93.77197265625 1217.0942542826701 16417
1810 16.5 5278.429961233429 2403.6505989884413 50308.24609375 93.77197265625 1256.362103343672 16572
1820 17.4 9473.115426600667 2695.9515074998385 50308.24609375 93.77197265625 1296.0132473092458 16737
1830 24 11174.59971110026 5978.740570104699 50308.24609375 46.536865234375 1380.148767337435 16911
1840 29.6 10175.51702963339 8921.218418694218 50308.24609375 46.472900390625 1517.2059783748718 17151
1850 40.2 8686.54814246639 10822.784165788695 50308.24609375 46.306884765625 1664.1000043491092 17447
1860 37.9 8544.115214405709 13305.061302194275 50308.24609375 46.306884765625 1822.261478466603 17849
1870 41.3 7484.434193165479 13646.760165237185 50432.379150390625 46.306884765625 1962.0235239966075 18228
1880 39.6 9987.16032024345 16392.983519656445 57023.415771484375 46.306884765625 2084.375093459981 18641
1890 42.6 7494.848362882377 15661.553020711022 61315.160888671875 46.306884765625 2248.765646057883 19037
1900 34.2 3805.3823670504394 14408.12456645459 61315.160888671875 46.306884765625 2363.5902485018655 19463
1910 33.8 4208.542434963249 12612.156202352937 61315.160888671875 46.306884765625 2388.487643328607 19805
1920 30.5 405.94181688652685 3355.018356098 61315.160888671875 45.364990234375 2419.0282042963136 20143
1930 29.8 59.59236790189807 28.61921526700917 61315.160888671875 45.203125 2389.0012408690845 20448
1940 32.2 62.163721309685585 114.25264597583184 61315.160888671875 45.203125 2355.541111487795 20746
1950 19.4 1427.5155280988236 2275.6788183594367 61315.160888671875 45.203125 2320.4894919872563 21068
1960 26.5 2529.8049261129117 4609.253792232544 61315.160888671875 45.203125 2312.341766044525 21262
1970 25.8 4477.013661465904 7692.055788904518 61315.160888671875 45.203125 2315.0187641129096 21527
1980 37.8 4456.282238834114 8707.473363093297 61315.160888671875 45.203125 2340.6232939966403 21785
1990 20.2 8314.65459540339 12045.977685482376 61315.160888671875 45.203125 2376.706815232419 22163
2000 16.6 10485.272972750383 11615.585583592514 61315.160888671875 45.203125 2430.3381790416984 22365
2010 29.8 9295.306685684516 11470.732938279116 61315.160888671875 45.203125 2489.6839327035705 22531
2020 36.4 10465.785501668737 13605.091835513449 61315.160888671875 45.203125 2578.5216207489652 22829
2030 39.6 10499.926876800238 14806.870007686153 61315.160888671875 45.203125 2702.3074204581358 23193
2040 33.4 9901.349097703038 15017.290918463188 61315.160888671875 45.203125 2833.209845516912 23589
2050 27.1 11357.71796622751 15913.087509840292 61315.160888671875 45.203125 2931.891386721199 23923
2060 27.6 9570.518559110338 14927.537006522143 61315.160888671875 45.203125 3026.2701171108088 24194
2070 24.5 15141.506108498086 17992.140644921205 61315.160888671875 45.203125 3100.083462839941 24470
2080 35.1 12253.63766123019 15261.439243440302 61315.160888671875 45.203125 3219.4501854046284 24715
2090 32.8 9918.335703780007 14579.6817826963 61315.160888671875 45.203125 3345.9562016822465 25066
2100 38.3 10778.18262674914 15239.111186540948 61315.160888671875 45.203125 3430.847927156298 25394
2110 26.9 12555.656420626165 16944.1912628243 61315.160888671875 45.203125 3540.016146496953 25777
2120 19.9 13096.298806041928 14433.064158902522 61315.160888671875 45.203125 3633.1286103586112 26046
2130 37 11355.671725876267 16868.8873643924 61315.160888671875 45.203125 3704.882120320165 26245
2140 40.2 11300.443754129737 16556.08575984471 61315.160888671875 45.203125 3811.242900108095 26615
2150 35.8 13500.521393674711 17829.84858418331 61315.160888671875 45.203125 3922.6786162615062 27017
2160 36.4 7552.905162769357 15145.489925713897 61315.160888671875 45.203125 4047.93405788028 27375
2170 40.6 6193.263317089362 14300.05046757152 61315.160888671875 45.203125 4093.927405952655 27739
2180 37.9 6106.568996459641 13399.290134265155 61315.160888671875 45.203125 4124.210951162159 28145
2190 36.8 8912.999104375427 19670.447589966963 61315.160888671875 45.203125 4150.550654540639 28524
2200 37 4818.061133472334 14786.718299370277 61315.160888671875 45.203125 4211.210388361046 28892
2210 29.7 118.94509877420033 16.944781566393132 61315.160888671875 45.203125 4218.883642946897 29262
2220 35 121.39914899553571 18.74924438314327 61315.160888671875 45.203125 4177.688685484896 29559
2230 30.7 128.367917536136 46.306148496427504 61315.160888671875 45.203125 4130.221323227005 29909
2240 35.9 185.19688615294228 159.34851860878987 61315.160888671875 45.203125 4089.5617721432386 30216
2250 28.6 122.96500508768575 16.36434055123458 61315.160888671875 45.203125 4043.718207333083 30575
2260 27.7 119.74146829873646 19.677647586219372 61315.160888671875 45.203125 4007.383175550503 30861
2270 29.4 120.4835661803784 16.77032455181926 61315.160888671875 45.203125 3972.799170382903 31138
2280 24.6 615.8924659791029 853.2577222560594 61315.160888671875 45.203125 3936.7664398014717 31432
2290 16.5 5513.151512192236 1443.0237320373249 61315.160888671875 45.203125 3910.9777221564086 31678
2300 21.8 7386.255285980505 4475.1892394723445 61315.160888671875 45.203125 3919.279662154396 31843
2310 22.1 10532.00152449802 6516.103702530765 61315.160888671875 45.203125 3942.8534959709987 32061
2320 30.2 10087.157240305516 9305.690398069546 61315.160888671875 45.203125 3987.9622783978766 32282
2330 27.1 12705.068534147256 10900.168662626234 61315.160888671875 45.203125 4044.4917676716336 32584
2340 35.1 11997.451333244291 12747.930794551057 61315.160888671875 45.203125 4115.927357497075 32855
2350 53.2 10878.840301284223 11758.761913887382 61315.160888671875 45.203125 4199.238051813984 33206
2360 37.5 8377.678121093753 12108.34330103922 61315.160888671875 45.203125 4304.56582455446 33738
2370 33.9 3042.6971972080105 9659.917686803357 61315.160888671875 45.203125 4349.341045473237 34113
2380 27.4 8705.304340891598 17141.946231120175 61315.160888671875 45.203125 4336.483961281842 34452
2390 45.6 8806.819824218752 14763.210698392564 61315.160888671875 45.203125 4370.955446163864 34726
2400 30.9 2645.1612615986537 8337.476011336763 61315.160888671875 45.203125 4428.449453224094 35182
2410 70.9 3254.2059438083998 8729.477318440355 61315.160888671875 45.191162109375 4412.9233747475155 35491
2420 61.5 46.42585627858231 11.725945936844811 61315.160888671875 45.191162109375 4390.22915766089 36200
2430 41.2 276.3851347988092 1255.6909924108147 61315.160888671875 45.180908203125 4317.665283415336 36815
2440 67.9 3587.5914002813192 4046.068493137049 61315.160888671875 45.11083984375 4272.93948167923 37227
2450 72.4 1352.7214476864622 3290.3272370399427 61315.160888671875 45.11083984375 4260.66302551743 37906
2460 65.9 2268.846487042392 7876.870495495556 61315.160888671875 45.11083984375 4206.162644923341 38630
2470 58.7 554.999951338239 3619.8918625965166 61315.160888671875 45.11083984375 4173.667764726758 39289
2480 63.7 134.58479843259417 20.64479720506665 61315.160888671875 45.11083984375 4120.3986804038805 39876
2490 63.8 133.18573705978142 23.49986167357917 61315.160888671875 45.11083984375 4057.728341430817 40513
2500 67.1 222.16464647273185 2319.2680325128977 61315.160888671875 45.11083984375 3996.8827196576226 41151
2510 59.3 131.0788347781409 22.466595096917008 61315.160888671875 45.11083984375 3936.320436000527 41822
2520 62.4 130.95651518992887 24.058889771589204 61315.160888671875 45.11083984375 3883.1197223491095 42415
2530 61.2 137.50833668428328 38.193326170859564 61315.160888671875 45.11083984375 3828.719066170589 43039
2540 62.7 140.1623352148128 35.02202421108592 61315.160888671875 45.11083984375 3776.9671941299575 43651
2550 63.8 138.67310603509503 32.3562680008886 61315.160888671875 45.11083984375 3725.4681054958774 44278
2560 62.5 133.6588855468749 24.177493857776085 61315.160888671875 45.11083984375 3674.5202203401204 44916
2570 66.4 134.2354736328125 22.82662178961253 61315.160888671875 45.11083984375 3625.9258035674147 45541
2580 55.3 130.24468629916356 22.07763193738367 61315.160888671875 45.11083984375 3575.7476328266603 46205
2590 42.3 3813.314559323287 2295.9701637460316 61315.160888671875 30.87109375 3534.9981754198056 46758
2600 39.7 3310.2668942852656 3911.182627145274 61315.160888671875 30.87109375 3537.493413553613 47181
2610 62.9 3900.0437376571185 6453.329408327427 61315.160888671875 30.87109375 3535.5973916916278 47578
2620 62.7 5375.121844472686 9045.529819625668 61315.160888671875 30.87109375 3540.3526502974796 48207
2630 64.6 7157.215425757063 11862.167167897216 61315.160888671875 30.87109375 3563.91001370715 48834
2640 55.5 6823.355071526606 12458.522172534658 61315.160888671875 30.87109375 3610.8234190463627 49480
2650 60.6 6948.772363039527 12319.441559786635 61315.160888671875 30.87109375 3646.457576478691 50035
2660 61.5 7836.365848100867 13717.699529221882 61315.160888671875 30.87109375 3685.9750180903466 50641
2670 82.4 8813.410992372383 16688.48025172095 61315.160888671875 30.87109375 3735.7738779400515 51256
2680 78.5 8121.114962243717 15248.009531336515 61315.160888671875 30.87109375 3816.1113007951253 52080
2690 79.9 8278.929660610926 15547.8968991065 61315.160888671875 30.87109375 3880.0369202832017 52865
2700 57.7 2379.149003212331 8997.852112652146 61315.160888671875 30.87109375 3945.531764117464 53664
2710 42.6 3315.2660399244437 9504.381109972404 61315.160888671875 30.87109375 3928.869039369722 54241
2720 74.2 3594.5668478089187 8217.850724486745 61315.160888671875 30.87109375 3924.0874549080963 54667
2730 69.7 5322.735894486411 11579.563564848318 61315.160888671875 30.87109375 3919.6747369296527 55409
2740 64.1 4972.528213286726 12227.605988410198 61315.160888671875 30.87109375 3937.1048447045264 56106
2750 64 3726.5297058105452 10226.493701599096 61315.160888671875 30.87109375 3948.8007295841007 56747
2760 56.2 3071.942841553602 6207.284098785377 61315.160888671875 30.87109375 3946.3218849814016 57387
2770 58.6 3875.8075963563892 6332.161905412451 61315.160888671875 30.87109375 3937.841997107471 57949
2780 69.7 4205.600910991309 6460.179059681371 61315.160888671875 30.87109375 3937.2209642409784 58535
2790 65.1 1531.5810985653075 4400.312288472465 61315.160888671875 30.87109375 3940.379068355055 59232
2800 36.4 4271.23440048721 9537.943486491413 61315.160888671875 30.87109375 3914.1925466655416 59883
2810 61.1 4374.617834812296 9506.711522417647 61315.160888671875 30.87109375 3916.349720214284 60247
2820 76 5794.006920423006 9597.862618090816 61315.160888671875 30.87109375 3920.9506242535126 60858
2830 58.3 2321.3811315729536 7138.621015279019 61315.160888671875 30.87109375 3944.053009678045 61618
2840 70.2 5678.179847825964 12512.672548651515 61315.160888671875 30.87109375 3928.843966335731 62201
2850 68.1 4382.432487050872 11485.730515646317 61315.160888671875 30.87109375 3948.3666248545 62903
2860 70 3633.9145880998885 11460.352740043987 61315.160888671875 30.87109375 3953.015575096003 63584
2870 68.1 3379.4306038339746 11765.463530122146 61315.160888671875 30.87109375 3949.540827244325 64284
2880 63.6 832.7254546543337 6144.758890521208 61315.160888671875 30.87109375 3943.5646083242536 64965
2890 61.6 1533.0436619349887 7779.004013629275 61315.160888671875 30.87109375 3913.4051031073504 65601
2900 63.1 1188.939325057573 4450.77110328449 61315.160888671875 30.87109375 3891.2612027832315 66217
2910 59.1 1698.4532443851797 4293.888062567434 61315.160888671875 30.87109375 3865.753108227749 66848
2920 57.1 656.611963916785 2518.5771001941985 61315.160888671875 30.87109375 3846.760029748961 67439
2930 68.5 1408.995990747604 6106.04968413372 61315.160888671875 30.87109375 3819.976107596481 68010
2940 67.7 2788.474396247806 8560.179751430527 61315.160888671875 30.87109375 3795.9347453424384 68695
2950 69.1 5121.023601438135 11326.366186663268 61315.160888671875 30.87109375 3786.1029593720605 69372
2960 62.7 513.6394775001244 1997.8829929437577 61315.160888671875 30.87109375 3799.268683986588 70063
2970 60.5 228.9752267884816 1749.4627974233845 61315.160888671875 30.87109375 3770.1260964569938 70690
2980 60.9 128.38763638200425 20.57019571809338 61315.160888671875 30.87109375 3740.076355575453 71295
2990 59 128.58781324483581 18.185621130475017 61315.160888671875 30.87109375 3709.4867022878916 71904
3000 65.4 137.06927732881786 27.786437857767133 61315.160888671875 30.87109375 3680.3431822098796 72494
3010 98 1041.3103244080837 575.7934766436159 61315.160888671875 30.87109375 3648.6635582448744 73148
3020 87.1 1677.5411207372083 1711.6438158166839 61315.160888671875 30.87109375 3614.1933692587954 74128
3030 128 1711.6920822143547 4233.742632570969 61315.160888671875 30.87109375 3591.7020812621245 74999
3040 122.3 2856.9490544591304 6921.627580318734 61315.160888671875 30.87109375 3560.1545675456214 76279
3050 127.3 3819.059271897092 9481.71746364249 61315.160888671875 30.87109375 3549.05781723589 77502
3060 120.1 3810.905836119639 9918.688207492032 61315.160888671875 30.87109375 3553.421027033208 78775
3070 116.4 3836.5940547562964 9924.451475739228 61315.160888671875 30.87109375 3557.2876777248257 79976
3080 117.3 4070.611993736014 10310.898468249323 61315.160888671875 30.87109375 3561.29448845769 81140
3090 116.2 5402.147510942207 11268.288868412405 61315.160888671875 30.87109375 3568.5525088638406 82313
3100 151.9 5019.672299795042 11217.183831182578 61315.160888671875 30.87109375 3594.0767663351203 83475
3110 130.3 3317.5595283420457 11167.801637758179 61315.160888671875 30.87109375 3619.554795552778 84994
3120 126.2 5952.006754105897 14206.66588488828 61315.160888671875 30.87109375 3614.9949634244817 86297
3130 107.2 4021.6695841319524 10503.557890394417 61315.160888671875 28.118896484375 3648.6786382019454 87559
3140 124 3063.6125754079544 4460.966048307091 61315.160888671875 28.118896484375 3653.1899975912897 88631
3150 127.8 4350.723188277887 9715.15987551781 61315.160888671875 27.77099609375 3645.055271111031 89871
3160 122.1 3798.909343247722 7195.467580164833 61315.160888671875 27.77099609375 3654.9494399789205 91149
3170 127.2 3897.6770864042815 8369.197896508434 61315.160888671875 27.77099609375 3656.852385111444 92370
3180 131.4 2873.2513411012437 4395.686251017582 61315.160888671875 27.77099609375 3660.12366317091 93642
3190 120 2790.1373555501323 1165.8376757972105 61315.160888671875 27.77099609375 3649.2349333255124 94956
3200 97.3 2688.912472951326 1402.1262414339335 61315.160888671875 27.77099609375 3638.5136357119422 96156
3210 120.8 1559.9032263345293 3732.8012002965506 61315.160888671875 27.77099609375 3629.0009059261306 97129
3220 121.3 2807.1936341086766 6644.905984247927 61315.160888671875 27.77099609375 3603.58351474126 98337
3230 129.5 4888.93619351774 10501.100933330756 61315.160888671875 27.77099609375 3593.879638044049 99550
3240 125.2 3675.157707823732 9778.085107310255 61315.160888671875 27.77099609375 3610.510093092276 100845
3250 121 3866.5562508070766 9979.765346297867 61315.160888671875 27.77099609375 3611.3028569701937 102097
3260 129.4 6857.925477866599 12672.51188644224 61315.160888671875 27.77099609375 3614.292553762692 103307
3270 118.9 3376.0673166953598 6140.215732730481 61315.160888671875 27.77099609375 3654.4189483840673 104601
3280 114.2 3697.400987721994 4771.159131568023 61315.160888671875 27.77099609375 3651.2904854851367 105790
3290 142.7 8143.205902591486 14564.444970466713 61315.160888671875 27.77099609375 3651.782931091265 106932
3300 138.1 2367.3000638548824 4870.5365769581895 61315.160888671875 27.77099609375 3710.931322829199 108359
3310 116 1140.3935561607627 3875.0892511500165 61315.160888671875 27.77099609375 3694.022677224647 109740
3320 139.4 1841.0979923374184 7876.9283009401715 61315.160888671875 27.77099609375 3667.3120389880905 110900
3330 139.8 3446.7013845812085 10314.25753924754 61315.160888671875 27.77099609375 3644.641705924605 112294
3340 117 803.4390251485712 5438.188208434458 61315.160888671875 27.77099609375 3642.2077565769105 113692
3350 111.4 975.3942807538289 4552.237185022227 61315.160888671875 27.77099609375 3613.291671050182 114862
3360 126.4 1834.964815357064 4660.5153578716445 61315.160888671875 27.77099609375 3587.9535175288484 115976
3370 132 1643.7182968602021 4808.275625329089 61315.160888671875 27.77099609375 3569.054014632694 117240
3380 117.5 764.0338065159573 4196.01940077393 61315.160888671875 27.77099609375 3547.618090649397 118560
3390 125.9 573.6338216404389 1482.5961993878784 61315.160888671875 27.77099609375 3520.301837808901 119735
3400 120.9 880.4889662169148 2145.933709792286 61315.160888671875 27.77099609375 3489.6403584598747 120994
3410 122.1 547.5354533777381 1746.2887577050135 61315.160888671875 27.77099609375 3463.8270475491627 122203
3420 126.3 2728.7967534129407 10296.045380920377 63833.8759765625 27.77099609375 3434.9769694729107 123424
3430 127.4 1389.497432499141 1839.633281171401 63833.8759765625 27.77099609375 3427.8238130661985 124687
3440 116.6 1683.0095537293623 4483.464904852095 63833.8759765625 27.77099609375 3407.207687369813 125961
3450 93.2 1595.1450344625978 4489.4826787610245 63833.8759765625 27.77099609375 3391.39346203747 127127
3460 126.8 2420.1562650181163 5403.251420244631 63833.8759765625 27.77099609375 3378.3205539677538 128059
3470 125.8 3990.398743937239 8542.074553042343 63833.8759765625 27.77099609375 3368.9261327070103 129327
3480 119.4 4761.345127533818 10668.90720907462 63833.8759765625 27.77099609375 3374.9131338551333 130585
3490 115.1 4426.573669380573 10479.515850914297 63833.8759765625 27.77099609375 3387.475073166043 131779
3500 120 4563.947466227211 10489.22252275072 63833.8759765625 27.77099609375 3396.4723084345524 132930
3510 133.8 4381.172204717569 11402.670931893108 63833.8759765625 27.77099609375 3406.9171767664034 134130
3520 151 6126.789580530841 12641.08172850353 63833.8759765625 27.77099609375 3416.539768281733 135468
3530 139.3 4266.927776437987 11102.05188520758 63833.8759765625 27.77099609375 3446.4166625019443 136978
3540 132.3 3814.0599984351393 12377.415644695926 63833.8759765625 27.77099609375 3454.6768613999284 138371
3550 125.8 1694.1036114958026 8676.952244363823 63833.8759765625 27.77099609375 3458.080471363832 139694
3560 125.2 2639.700399868026 10886.595308011418 63833.8759765625 27.77099609375 3442.336935339413 140952
3570 125.9 1620.088989354771 7530.847763972557 63833.8759765625 27.77099609375 3435.2703201780237 142204
3580 125.3 1063.1458215127452 3354.5760461424675 63833.8759765625 27.77099609375 3419.340684693568 143463
3590 125.4 1225.387736002603 6174.126734017927 63833.8759765625 27.77099609375 3398.9399538582384 144716
3600 124 806.6627455188386 5536.190436989023 63833.8759765625 27.77099609375 3380.267387706351 145970
3610 204.8 1266.2123433351514 1343.6768913955625 63833.8759765625 27.77099609375 3358.589038706198 147210
3620 245.3 1687.025498015027 1668.9420346744184 63833.8759765625 27.576171875 3329.8791037471346 149258
3630 238.6 1708.8461940666266 1654.4060390355703 63833.8759765625 27.576171875 3303.3159679503838 151711
3640 247.1 1651.479276897163 1660.372658332314 63833.8759765625 27.576171875 3278.6275906264473 154097
3650 244.2 1673.3773853198895 1643.1954325833524 63833.8759765625 27.576171875 3252.9474804939487 156568
3660 248.1 1648.3178240565803 1646.7594490315978 63833.8759765625 27.576171875 3228.689193767233 159010
3670 244.7 1651.2524149668268 1646.4793055917085 63833.8759765625 27.576171875 3204.4098136887637 161491
3680 245.2 1685.7383749434437 1693.9471222184031 63833.8759765625 27.576171875 3181.2268045348605 163938
3690 220 1624.5473674982222 1569.2970083367707 63833.8759765625 27.576171875 3159.188595331434 166390
3700 238.4 954.0685536429382 3194.985358732297 63833.8759765625 27.576171875 3139.1624330369145 168590
3710 252.6 1589.8410003734582 5349.153766336381 63833.8759765625 27.576171875 3108.6942694069166 170974
3720 239.9 2296.4618313253864 7658.135769553155 63833.8759765625 27.576171875 3086.5811664813923 173500
3730 235.3 2164.5374958704624 7614.226554332239 63833.8759765625 27.576171875 3075.8051172426854 175899
3740 235.1 2237.3971961316283 7533.278937424381 63833.8759765625 27.576171875 3063.7760083794533 178252
3750 245.1 3991.961562344606 8786.812538709157 63833.8759765625 27.576171875 3053.018620143407 180603
3760 247.8 881.4199884767199 4240.632328790362 63833.8759765625 27.576171875 3065.590588804759 183054
3770 245 1406.76939363441 6073.512422309378 63833.8759765625 27.576171875 3036.4183988450063 185532
3780 271.8 4308.404801863458 11341.973533485816 63833.8759765625 27.576171875 3015.178918135332 187982
3790 246 1042.2170021119148 5266.858489084757 63833.8759765625 27.576171875 3033.610947248982 190700
3800 234.6 1104.141300081089 5423.517848085259 63833.8759765625 27.576171875 3008.249438111287 193160
3810 257.6 1237.887340000697 5848.064109142032 63833.8759765625 27.576171875 2985.4008416906204 195506
3820 214.6 1047.5737413902325 5120.739382287128 63833.8759765625 27.576171875 2962.6749262598732 198082
3830 216.5 2949.004830826903 5900.859665547712 63833.8759765625 27.576171875 2942.1492897718185 200228
3840 302.4 2203.9389755006814 4620.908142912297 63833.8759765625 27.576171875 2942.2226235649055 202393
3850 258.4 921.5374263609903 4376.14395710752 63833.8759765625 27.576171875 2931.3541474809094 205417
3860 221.7 1738.9993901439864 6555.597648316524 63833.8759765625 27.576171875 2906.3861597915525 208001
3870 233.2 1699.9551972639506 5902.60918285873 63833.8759765625 27.576171875 2894.074671392326 210218
3880 168.7 3447.9723451045734 4901.919869848191 63833.8759765625 27.576171875 2880.9733464632864 212550
3890 323.2 4022.061247419598 7437.278823975226 63833.8759765625 27.576171875 2885.438155579862 214237
3900 253.9 2057.7539100962463 6852.386563850728 63833.8759765625 27.576171875 2902.3305210794324 217469
3910 197 3501.2945003916216 7539.7595547859955 63833.8759765625 27.576171875 2892.5836936218566 220008
3920 290 3772.191714119749 8873.291202988677 63833.8759765625 27.576171875 2897.9858518958135 221978
3930 244.3 1733.3617715355401 6633.40963166782 63833.8759765625 27.576171875 2909.2595069463273 224878
3940 237 2771.8315318433542 8457.5708798422 63833.8759765625 27.576171875 2896.6222311662254 227321
3950 210.9 4670.947862606133 11449.349619557563 70122.64501953125 27.576171875 2895.334614509956 229691
3960 296.2 2769.4902210222804 6988.8982256652935 90078.880859375 27.576171875 2911.4897842262408 231800
3970 259 1653.1058739857324 6371.140931770154 90078.880859375 27.576171875 2909.698170991517 234762
3980 217.8 2304.2377270575034 8076.659531614882 90078.880859375 27.576171875 2895.98615656044 237352
3990 145.1 1918.861520442529 6032.923252938051 90078.880859375 27.576171875 2890.6055024483985 239530
4000 282.1 5435.629978616715 7487.187177581113 90078.880859375 27.576171875 2884.7544166039106 240981
4010 282 3756.3306031139177 5493.650550371532 90078.880859375 27.576171875 2914.2702530631605 243802
4020 247.6 1782.231738162926 5078.120034222708 90078.880859375 27.576171875 2923.898794665869 246622
4030 224.6 1534.0770560423384 5378.069217707245 90078.880859375 27.576171875 2912.550780503165 249098
4040 224.1 1314.2302505377393 4510.032947841724 90078.880859375 27.576171875 2900.2327940577393 251344
4050 232.3 2566.4969886520294 5610.758015678659 90078.880859375 27.576171875 2886.216855812069 253585
4060 230 3683.2529524031947 5343.642960192654 90078.880859375 27.576171875 2883.3146048022813 255908
4070 252.1 3868.641716418024 6414.284870988327 90078.880859375 27.576171875 2890.4400935535286 258208
4080 241.9 3308.1400428573297 3133.1634770708647 90078.880859375 27.576171875 2899.8983674365313 260729
4090 242.8 2976.8874051189864 936.3876061957889 90078.880859375 27.576171875 2903.651147669871 263148
4100 244.5 3039.8407275490504 1028.9224842897474 90078.880859375 27.576171875 2904.320702272269 265576
4110 239.7 3039.9849761339 555.8713911657884 90078.880859375 27.576171875 2905.556972795108 268021
4120 234.4 2787.5730154408584 2042.3369731764228 90078.880859375 27.576171875 2906.74854999782 270418
4130 241 3142.0644211131985 1364.5046925665374 90078.880859375 27.576171875 2905.724406411098 272762
4140 239.1 3372.0065417638734 1164.765537435063 90078.880859375 27.576171875 2907.7943097276857 275172
4150 235.5 2862.626849144937 1550.2570225034613 90078.880859375 27.576171875 2911.793154843204 277563
4160 240.8 3008.714799342361 3092.2740451549976 90078.880859375 27.576171875 2911.3795099546314 279918
4170 212.6 4389.85918552115 5052.543657550591 90078.880859375 27.576171875 2912.209696961303 282326
4180 327.2 3114.0861294100523 6529.34539425507 90078.880859375 27.576171875 2923.253679118849 284452
4190 205.4 2314.9628226364734 7586.216151137376 90078.880859375 27.576171875 2925.42382751576 287724
4200 250.9 2267.211218130358 6676.930392045491 90078.880859375 27.576171875 2921.096767131528 289778
4210 43.2 13422.328187730578 13316.790682787101 90078.880859375 27.576171875 2915.483794804863 292287
4220 26.9 30341.197137655377 6609.562058250001 90078.880859375 27.576171875 2930.9899859907578 292719
4230 12.1 30264.49924336583 2171.8807484926583 90078.880859375 27.576171875 2956.156019151835 292988
4240 5.4 57720.101449471935 8898.077947582504 90078.880859375 27.576171875 2967.4293322542303 293109
4250 5.7 60103.94815652412 22.42777549077654 90078.880859375 27.576171875 2977.514657804623 293163
4260 5.6 59641.89280046736 1158.592525225049 90078.880859375 27.576171875 2988.619653062201 293220
4270 0.4 65123.12805175781 5004.006554283598 90078.880859375 27.576171875 2999.4373923121043 293276
4280 0 0 0 90078.880859375 27.576171875 3000.2846876020585 293280
4290 0 0 0 90078.880859375 27.576171875 3000.2846876020585 293280
4300 0 0 0 90078.880859375 27.576171875 3000.2846876020585 293280
4310 0 0 0 90078.880859375 27.576171875 3000.2846876020585 293280
4320 0 0 0 90078.880859375 27.576171875 3000.2846876020585 293280
4321 0 0 0 90078.880859375 27.576171875 3000.2846876020585 293280
