10 1.70625 1.70625
20 1.35625 3.0625
30 1.96875 5.03125
40 1.575 6.60625
50 1.3125 7.91875
60 1.6625 9.58125
70 1.53125 11.1125
80 1.6625 12.775
90 1.1375 13.9125
100 2.1 16.0125
110 1.61875 17.63125
120 2.275 19.90625
130 1.35625 21.2625
140 1.96875 23.23125
150 1.88125 25.1125
160 1.575 26.6875
170 1.925 28.6125
180 1.75 30.3625
190 1.61875 31.98125
200 1.96875 33.95
210 1.96875 35.91875
220 1.575 37.49375
230 1.53125 39.025
240 1.96875 40.99375
250 2.1 43.09375
260 2.0125 45.10625
270 1.8375 46.94375
280 1.70625 48.65
290 1.8375 50.4875
300 1.4875 51.975
310 1.96875 53.94375
320 2.14375 56.0875
330 1.53125 57.61875
340 1.70625 59.325
350 1.75 61.075
360 1.4 62.475
370 1.8375 64.3125
380 1.4 65.7125
390 1.75 67.4625
400 1.44375 68.90625
410 1.3125 70.21875
420 1.1375 71.35625
430 1.4875 72.84375
440 2.23125 75.075
450 1.70625 76.78125
460 1.75 78.53125
470 1.8375 80.36875
480 1.96875 82.3375
490 1.79375 84.13125
500 1.75 85.88125
510 1.575 87.45625
520 1.4875 88.94375
530 1.75 90.69375
540 1.4875 92.18125
550 2.0125 94.19375
560 1.6625 95.85625
570 1.75 97.60625
580 2.0125 99.61875
590 1.4875 101.10625
600 1.70625 102.8125
610 3.7625 106.575
620 3.80625 110.38125
630 3.5 113.88125
640 3.0625 116.94375
650 3.10625 120.05
660 3.10625 123.15625
670 3.9375 127.09375
680 3.28125 130.375
690 3.36875 133.74375
700 4.025 137.76875
710 3.63125 141.4
720 3.80625 145.20625
730 3.675 148.88125
740 2.5375 151.41875
750 2.5375 153.95625
760 3.54375 157.5
770 4.025 161.525
780 3.675 165.2
790 3.63125 168.83125
800 3.4125 172.24375
810 3.89375 176.1375
820 3.01875 179.15625
830 4.2 183.35625
840 3.5 186.85625
850 3.89375 190.75
860 3.45625 194.20625
870 3.80625 198.0125
880 3.63125 201.64375
890 4.2 205.84375
900 4.33125 210.175
910 3.63125 213.80625
920 3.4125 217.21875
930 3.45625 220.675
940 3.01875 223.69375
950 3.4125 227.10625
960 3.54375 230.65
970 3.5875 234.2375
980 3.85 238.0875
990 3.325 241.4125
1000 3.325 244.7375
1010 3.4125 248.15
1020 4.24375 252.39375
1030 3.80625 256.2
1040 3.5 259.7
1050 3.4125 263.1125
1060 2.7125 265.825
1070 3.36875 269.19375
1080 3.98125 273.175
1090 3.19375 276.36875
1100 3.7625 280.13125
1110 3.36875 283.5
1120 3.15 286.65
1130 3.28125 289.93125
1140 3.54375 293.475
1150 3.0625 296.5375
1160 3.85 300.3875
1170 3.5875 303.975
1180 3.54375 307.51875
1190 3.5875 311.10625
1200 1.75 312.85625
1210 6.95625 319.8125
1220 6.86875 326.68125
1230 6.9125 333.59375
1240 7.30625 340.9
1250 7.74375 348.64375
1260 7.39375 356.0375
1270 6.78125 362.81875
1280 6.2125 369.03125
1290 7.21875 376.25
1300 6.95625 383.20625
1310 6.475 389.68125
1320 6.25625 395.9375
1330 6.65 402.5875
1340 6.25625 408.84375
1350 7.2625 416.10625
1360 7.30625 423.4125
1370 6.16875 429.58125
1380 7.48125 437.0625
1390 7.21875 444.28125
1400 7.7 451.98125
1410 6.7375 458.71875
1420 7.13125 465.85
1430 8.225 474.075
1440 7.0875 481.1625
1450 6.25625 487.41875
1460 6.475 493.89375
1470 5.81875 499.7125
1480 6.95625 506.66875
1490 6.60625 513.275
1500 7.39375 520.66875
1510 7.21875 527.8875
1520 7.21875 535.10625
1530 7 542.10625
1540 7.30625 549.4125
1550 7.175 556.5875
1560 6.16875 562.75625
1570 7.175 569.93125
1580 6.9125 576.84375
1590 8.00625 584.85
1600 6.60625 591.45625
1610 7.30625 598.7625
1620 6.51875 605.28125
1630 6.51875 611.8
1640 6.5625 618.3625
1650 6.95625 625.31875
1660 7.35 632.66875
1670 7.48125 640.15
1680 6.86875 647.01875
1690 6.825 653.84375
1700 5.81875 659.6625
1710 7.48125 667.14375
1720 6.5625 673.70625
1730 7 680.70625
1740 6.2125 686.91875
1750 6.825 693.74375
1760 6.86875 700.6125
1770 7.56875 708.18125
1780 6.7375 714.91875
1790 6.69375 721.6125
1800 6.60625 728.21875
1810 13.86875 742.0875
1820 13.86875 755.95625
1830 13.51875 769.475
1840 13.08125 782.55625
1850 14 796.55625
1860 13.9125 810.46875
1870 14.175 824.64375
1880 15.1375 839.78125
1890 14.175 853.95625
1900 14.13125 868.0875
1910 13.3 881.3875
1920 12.81875 894.20625
1930 13.34375 907.55
1940 14.91875 922.46875
1950 13.825 936.29375
1960 13.60625 949.9
1970 13.25625 963.15625
1980 13.475 976.63125
1990 11.55 988.18125
2000 14.525 1002.70625
2010 14.9625 1017.66875
2020 14.13125 1031.8
2030 12.81875 1044.61875
2040 13.3 1057.91875
2050 14.35 1072.26875
2060 13.65 1085.91875
2070 13.825 1099.74375
2080 14.0875 1113.83125
2090 13.3 1127.13125
2100 14.4375 1141.56875
2110 13.9125 1155.48125
2120 12.425 1167.90625
2130 15.00625 1182.9125
2140 14.21875 1197.13125
2150 13.69375 1210.825
2160 12.99375 1223.81875
2170 14.74375 1238.5625
2180 13.69375 1252.25625
2190 13.3 1265.55625
2200 14.65625 1280.2125
2210 13.08125 1293.29375
2220 15.4 1308.69375
2230 13.3 1321.99375
2240 14.7 1336.69375
2250 13.08125 1349.775
2260 11.94375 1361.71875
2270 13.16875 1374.8875
2280 14.91875 1389.80625
2290 12.425 1402.23125
2300 13.86875 1416.1
2310 13.95625 1430.05625
2320 13.95625 1444.0125
2330 14.2625 1458.275
2340 14.74375 1473.01875
2350 13.69375 1486.7125
2360 14 1500.7125
2370 14.7875 1515.5
2380 13.5625 1529.0625
2390 14 1543.0625
2400 13.78125 1556.84375
2410 26.425 1583.26875
2420 27.65 1610.91875
2430 27.86875 1638.7875
2440 27.5625 1666.35
2450 26.11875 1692.46875
2460 27.08125 1719.55
2470 25.4625 1745.0125
2480 27.86875 1772.88125
2490 26.73125 1799.6125
2500 29.00625 1828.61875
2510 26.5125 1855.13125
2520 26.81875 1881.95
2530 27.34375 1909.29375
2540 27.16875 1936.4625
2550 27.9125 1964.375
2560 27.34375 1991.71875
2570 29.26875 2020.9875
2580 24.675 2045.6625
2590 29.00625 2074.66875
2600 27.78125 2102.45
2610 28.56875 2131.01875
2620 27.60625 2158.625
2630 27.25625 2185.88125
2640 25.68125 2211.5625
2650 29.53125 2241.09375
2660 27.475 2268.56875
2670 28.74375 2297.3125
2680 27.78125 2325.09375
2690 28.48125 2353.575
2700 26.55625 2380.13125
2710 27.825 2407.95625
2720 27.43125 2435.3875
2730 28.74375 2464.13125
2740 25.4625 2489.59375
2750 27.125 2516.71875
2760 28.2625 2544.98125
2770 26.95 2571.93125
2780 26.1625 2598.09375
2790 29.1375 2627.23125
2800 16.45 2643.68125
2810 37.7125 2681.39375
2820 27.95625 2709.35
2830 25.06875 2734.41875
2840 26.1625 2760.58125
2850 26.55625 2787.1375
2860 28.56875 2815.70625
2870 27.69375 2843.4
2880 27.78125 2871.18125
2890 27.825 2899.00625
2900 29.225 2928.23125
2910 29.05 2957.28125
2920 26.73125 2984.0125
2930 28.91875 3012.93125
2940 26.8625 3039.79375
2950 27.825 3067.61875
2960 25.2 3092.81875
2970 26.46875 3119.2875
2980 26.55625 3145.84375
2990 26.075 3171.91875
3000 27.0375 3198.95625
3010 52.19375 3251.15
3020 51.05625 3302.20625
3030 55.825 3358.03125
3040 53.55 3411.58125
3050 55.69375 3467.275
3060 52.71875 3519.99375
3070 51.45 3571.44375
3080 55.825 3627.26875
3090 55.2125 3682.48125
3100 53.41875 3735.9
3110 52.9375 3788.8375
3120 53.8125 3842.65
3130 52.675 3895.325
3140 54.29375 3949.61875
3150 54.20625 4003.825
3160 52.28125 4056.10625
3170 54.81875 4110.925
3180 57.3125 4168.2375
3190 53.9875 4222.225
3200 52.98125 4275.20625
3210 52.80625 4328.0125
3220 52.80625 4380.81875
3230 53.76875 4434.5875
3240 54.99375 4489.58125
3250 49.7875 4539.36875
3260 57.6625 4597.03125
3270 54.20625 4651.2375
3280 52.325 4703.5625
3290 54.20625 4757.76875
3300 51.66875 4809.4375
3310 54.46875 4863.90625
3320 56.39375 4920.3
3330 54.38125 4974.68125
3340 52.0625 5026.74375
3350 56.56875 5083.3125
3360 55.34375 5138.65625
3370 50.53125 5189.1875
3380 53.8125 5243
3390 55.86875 5298.86875
3400 52.0625 5350.93125
3410 54.3375 5405.26875
3420 57.70625 5462.975
3430 54.95 5517.925
3440 55.95625 5573.88125
3450 55.7375 5629.61875
3460 55.51875 5685.1375
3470 52.80625 5737.94375
3480 54.075 5792.01875
3490 54.90625 5846.925
3500 51.975 5898.9
3510 55.3 5954.2
3520 53.76875 6007.96875
3530 54.1625 6062.13125
3540 54.90625 6117.0375
3550 54.95 6171.9875
3560 53.59375 6225.58125
3570 54.5125 6280.09375
3580 54.11875 6334.2125
3590 52.19375 6386.40625
3600 54.425 6440.83125
3610 104.125 6544.95625
3620 107.5375 6652.49375
3630 104.95625 6757.45
3640 107.75625 6865.20625
3650 107.1875 6972.39375
3660 108.675 7081.06875
3670 107.23125 7188.3
3680 107.40625 7295.70625
3690 102.6375 7398.34375
3700 105.21875 7503.5625
3710 110.29375 7613.85625
3720 104.51875 7718.375
3730 105.2625 7823.6375
3740 104.475 7928.1125
3750 101.5875 8029.7
3760 107.40625 8137.10625
3770 106.26875 8243.375
3780 106.35625 8349.73125
3790 107.625 8457.35625
3800 105.7875 8563.14375
3810 106.70625 8669.85
3820 107.0125 8776.8625
3830 111.43125 8888.29375
3840 110.55625 8998.85
3850 109.06875 9107.91875
3860 101.98125 9209.9
3870 104.3875 9314.2875
3880 86.0125 9400.3
3890 137.375 9537.675
3900 109.94375 9647.61875
3910 93.58125 9741.2
3920 124.6 9865.8
3930 104.86875 9970.66875
3940 101.0625 10071.73125
3950 90.69375 10162.425
3960 126.175 10288.6
3970 109.68125 10398.28125
3980 104.60625 10502.8875
3990 59.675 10562.5625
4000 137.9 10700.4625
4010 106.4 10806.8625
4020 93.14375 10900.00625
4030 107.58125 11007.5875
4040 104.51875 11112.10625
4050 109.50625 11221.6125
4060 106.225 11327.8375
4070 108.2375 11436.075
4080 105.21875 11541.29375
4090 106.6625 11647.95625
4100 107.275 11755.23125
4110 95.8125 11851.04375
4120 111.475 11962.51875
4130 107.58125 12070.1
4140 107.7125 12177.8125
4150 108.9375 12286.75
4160 107.3625 12394.1125
4170 92.925 12487.0375
4180 122.36875 12609.40625
4190 103.1625 12712.56875
4200 107.40625 12819.975
4210 11.025 12831
4220 0 12831
4230 0 12831
4240 0 12831
4250 0 12831
4260 0 12831
4270 0 12831
4280 0 12831
4290 0 12831
4300 0 12831
4310 0 12831
4320 0 12831
4321 0 12831
