10 761.41953125 761.41953125
20 637.94609375 1399.365625
30 802.57734375 2201.94296875
40 781.9984375 2983.94140625
50 699.6828125 3683.62421875
60 720.26171875 4403.8859375
70 740.840625 5144.7265625
80 843.23671875 5987.96328125
90 555.04140625 6543.0046875
100 986.7390625 7529.74375
110 740.25078125 8269.99453125
120 864.078125 9134.07265625
130 823.084375 9957.15703125
140 884.8640625 10842.02109375
150 925.41484375 11767.4359375
160 699.60859375 12467.04453125
170 905.471875 13372.51640625
180 864.3140625 14236.83046875
190 761.10234375 14997.9328125
200 966.4578125 15964.390625
210 925.23984375 16889.63046875
220 740.22890625 17629.859375
230 699.171875 18329.03125
240 946.03671875 19275.06796875
250 905.396875 20180.46484375
260 946.6296875 21127.09453125
270 925.78984375 22052.884375
280 801.88984375 22854.77421875
290 884.2046875 23738.97890625
300 699.2421875 24438.22109375
310 822.69140625 25260.9125
320 967.20859375 26228.12109375
330 843.73515625 27071.85625
340 720.26171875 27792.11796875
350 823.15625 28615.27421875
360 658.525 29273.79921875
370 967.128125 30240.92734375
380 658.1296875 30899.05703125
390 822.59296875 31721.65
400 678.69296875 32400.34296875
410 596.36796875 32996.7109375
420 555.26015625 33551.97109375
430 678.7265625 34230.69765625
440 1069.30859375 35300.00625
450 801.978125 36101.984375
460 822.47421875 36924.45859375
470 863.71484375 37788.1734375
480 904.9046875 38693.078125
490 843.2328125 39536.3109375
500 843.08046875 40379.39140625
510 699.40625 41078.79765625
520 617.3671875 41696.16484375
530 864.3140625 42560.47890625
540 679.10390625 43239.5828125
550 987.7875 44227.3703125
560 843.32421875 45070.69453125
570 822.52265625 45893.2171875
580 945.9671875 46839.184375
590 699.24140625 47538.42578125
600 802.15859375 48340.584375
610 1727.47578125 50068.06015625
620 1789.00703125 51857.0671875
630 1501.828125 53358.8953125
640 1337.62890625 54696.52421875
650 1605.1546875 56301.67890625
660 1399.365625 57701.04453125
670 1646.3125 59347.35703125
680 1872.40703125 61219.7640625
690 1645.08828125 62864.85234375
700 1912.4875 64777.33984375
710 1706.76484375 66484.1046875
720 1768.33046875 68252.43515625
730 1748.0203125 70000.45546875
740 1192.85390625 71193.309375
750 1172.2234375 72365.5328125
760 1686.2015625 74051.734375
770 1850.5796875 75902.3140625
780 1768.5515625 77670.865625
790 1686.215625 79357.08125
800 1624.62890625 80981.71015625
810 1830.2046875 82811.91484375
820 1418.9546875 84230.86953125
830 1974.034375 86204.90390625
840 1399.0625 87603.96640625
850 2037.00234375 89640.96875
860 1562.86015625 91203.82890625
870 1708.04921875 92911.878125
880 1728.628125 94640.50625
890 1996.15390625 96636.66015625
900 1996.15390625 98632.8140625
910 1728.628125 100361.4421875
920 1584.57578125 101946.01796875
930 1646.3125 103592.33046875
940 1440.5234375 105032.85390625
950 1522.8390625 106555.69296875
960 1749.20703125 108304.9
970 1728.628125 110033.528125
980 1666.89140625 111700.41953125
990 1810.634375 113511.05390625
1000 1501.0453125 115012.09921875
1010 1665.75234375 116677.8515625
1020 1994.7359375 118672.5875
1030 1789.17890625 120461.76640625
1040 1624.828125 122086.59453125
1050 1460.14453125 123546.7390625
1060 1358.2078125 124904.946875
1070 1399.365625 126304.3125
1080 1893.259375 128197.571875
1090 1563.996875 129761.56875
1100 1769.7859375 131531.3546875
1110 1768.67734375 133300.03203125
1120 1459.82578125 134759.8578125
1130 1440.121875 136199.9796875
1140 1563.165625 137763.1453125
1150 1666.03203125 139429.17734375
1160 1584.55078125 141013.728125
1170 1646.3125 142660.040625
1180 1625.73359375 144285.77421875
1190 1789.53671875 146075.3109375
1200 1028.9453125 147104.25625
1210 3167.7484375 150272.0046875
1220 2572.36328125 152844.36796875
1230 3004.50234375 155848.8703125
1240 4012.08125 159860.9515625
1250 4051.53984375 163912.49140625
1260 3413.7390625 167326.23046875
1270 3269.4359375 170595.66640625
1280 2920.16953125 173515.8359375
1290 3351.8046875 176867.640625
1300 3310.87421875 180178.51484375
1310 3022.84921875 183201.3640625
1320 2961.1609375 186162.525
1330 3105.2015625 189267.7265625
1340 2920.27578125 192188.00234375
1350 3393.14921875 195581.1515625
1360 3084.7765625 198665.928125
1370 2695.83671875 201361.76484375
1380 3621.053125 204982.81796875
1390 2881.046875 207863.86484375
1400 3580.021875 211443.88671875
1410 3600.64140625 215044.528125
1420 2860.46796875 217904.99609375
1430 3806.83203125 221711.828125
1440 3251.08984375 224962.91796875
1450 3908.37578125 228871.29375
1460 2716.415625 231587.709375
1470 2860.46796875 234448.17734375
1480 3641.9703125 238090.14765625
1490 2509.68515625 240599.8328125
1500 3333.0671875 243932.9
1510 2922.2046875 246855.1046875
1520 3702.6859375 250557.790625
1530 3353.7015625 253911.4921875
1540 2572.36328125 256483.85546875
1550 3558.43671875 260042.2921875
1560 2777.23515625 262819.52734375
1570 4299.54375 267119.07109375
1580 3127.16640625 270246.2375
1590 4236.5015625 274482.7390625
1600 3331.484375 277814.2234375
1610 3701.84140625 281516.06484375
1620 3064.22421875 284580.2890625
1630 3064.19140625 287644.48046875
1640 3064.24296875 290708.7234375
1650 3269.28671875 293978.01015625
1660 3475.41328125 297453.4234375
1670 3269.59296875 300723.01640625
1680 3497.640625 304220.65703125
1690 3187.7359375 307408.39296875
1700 2715.2921875 310123.68515625
1710 3557.6703125 313681.35546875
1720 3064.22265625 316745.578125
1730 2756.26484375 319501.84296875
1740 2654.67890625 322156.521875
1750 3004.5203125 325161.0421875
1760 3025.09921875 328186.14140625
1770 3066.25703125 331252.3984375
1780 3189.73046875 334442.12890625
1790 3127.99375 337570.12265625
1800 3189.73046875 340759.853125
1810 3395.51953125 344155.37265625
1820 3580.7296875 347736.10234375
1830 3585.3 351321.40234375
1840 3045.84375 354367.24609375
1850 4680.17265625 359047.41875
1860 7320.02265625 366367.44140625
1870 7605.28828125 373972.7296875
1880 5066.8796875 379039.609375
1890 6218.515625 385258.125
1900 6651.70234375 391909.82734375
1910 6253.69375 398163.52109375
1920 2329.40234375 400492.9234375
1930 1220.46015625 401713.38359375
1940 538.9453125 402252.32890625
1950 1989.9546875 404242.28359375
1960 1398.8390625 405641.12265625
1970 1454.01171875 407095.134375
1980 1522.5359375 408617.6703125
1990 2114.8328125 410732.503125
2000 2490.4859375 413222.9890625
2010 2655.559375 415878.5484375
2020 3470.52578125 419349.07421875
2030 2944.6875 422293.76171875
2040 4115.10234375 426408.8640625
2050 1124.37421875 427533.23828125
2060 4596.34921875 432129.5875
2070 4194.0875 436323.675
2080 4342.09609375 440665.77109375
2090 2560.29609375 443226.0671875
2100 2160.85 445386.9171875
2110 2618.771875 448005.6890625
2120 2300.16953125 450305.85859375
2130 2526.3953125 452832.25390625
2140 2611.74609375 455444
2150 2761.19609375 458205.19609375
2160 6684.45703125 464889.653125
2170 8354.87421875 473244.52734375
2180 7673.378125 480917.90546875
2190 7550.1109375 488468.01640625
2200 7568.26171875 496036.278125
2210 6107.84453125 502144.12265625
2220 7238.5625 509382.68515625
2230 6333.78828125 515716.4734375
2240 6827.3640625 522543.8375
2250 6169.54765625 528713.38515625
2260 5572.99453125 534286.3796875
2270 6251.7875 540538.1671875
2280 5039.2953125 545577.4625
2290 3436.67734375 549014.13984375
2300 4197.6671875 553211.80703125
2310 4757.99921875 557969.80625
2320 5136.5296875 563106.3359375
2330 3931.1046875 567037.440625
2340 4601.29453125 571638.73515625
2350 6896.74765625 578535.4828125
2360 1233.55234375 579769.03515625
2370 2084.065625 581853.10078125
2380 1917.15 583770.25078125
2390 1563.90390625 585334.1546875
2400 406.58671875 585740.74140625
2410 455.6453125 586196.38671875
2420 222.559375 586418.94609375
2430 369.68984375 586788.6359375
2440 1164.70078125 587953.33671875
2450 442.709375 588396.04609375
2460 2600.23828125 590996.284375
2470 11930.4953125 602926.7796875
2480 13101.784375 616028.5640625
2490 12709.425 628737.9890625
2500 13532.4296875 642270.41875
2510 12586.04140625 654856.46015625
2520 12544.54140625 667401.0015625
2530 12791.61796875 680192.61953125
2540 12771.36953125 692963.9890625
2550 13059.19453125 706023.18359375
2560 12935.89453125 718959.078125
2570 13758.2046875 732717.2828125
2580 11742.25 744459.5328125
2590 8646.73359375 753106.26640625
2600 7046.95390625 760153.2203125
2610 5083.3421875 765236.5625
2620 7236.64921875 772473.21171875
2630 5954.534375 778427.74609375
2640 3495.87578125 781923.621875
2650 2762.10703125 784685.72890625
2660 2774.11796875 787459.846875
2670 2950.1859375 790410.0328125
2680 2554.89296875 792964.92578125
2690 1165.06484375 794129.990625
2700 971.5953125 795101.5859375
2710 8047.20546875 803148.79140625
2720 15160.48125 818309.27265625
2730 14296.5828125 832605.85546875
2740 12423.19296875 845029.0484375
2750 13780.48046875 858809.52890625
2760 11128.10625 869937.63515625
2770 12546.9921875 882484.62734375
2780 4591.1953125 887075.82265625
2790 3600.97265625 890676.7953125
2800 3602.2109375 894279.00625
2810 2217.96953125 896496.97578125
2820 2151.44765625 898648.4234375
2830 3628.6671875 902277.090625
2840 10777.63671875 913054.72734375
2850 11434.35078125 924489.078125
2860 11567.09609375 936056.17421875
2870 10634.84765625 946691.021875
2880 8825.49453125 955516.51640625
2890 9616.2796875 965132.79609375
2900 803.23515625 965936.03125
2910 1241.196875 967177.228125
2920 709.81953125 967887.04765625
2930 645.82578125 968532.8734375
2940 576.23359375 969109.10703125
2950 1824.1359375 970933.24296875
2960 12937.109375 983870.35234375
2970 12421.61875 996291.97109375
2980 12585.590625 1008877.56171875
2990 12154.15234375 1021031.7140625
3000 12709.3125 1033741.0265625
3010 19949.98046875 1053691.00703125
3020 13924.728125 1067615.73515625
3030 4939.95078125 1072555.6859375
3040 9477.275 1082032.9609375
3050 8961.95546875 1090994.91640625
3060 3162.1875 1094157.10390625
3070 2140.865625 1096297.96953125
3080 16546.390625 1112844.36015625
3090 23209.87421875 1136054.234375
3100 23574.43125 1159628.665625
3110 20453.68125 1180082.346875
3120 20307.2140625 1200389.5609375
3130 20922.80859375 1221312.36953125
3140 19907.1671875 1241219.53671875
3150 21427.30859375 1262646.8453125
3160 21165.22734375 1283812.07265625
3170 21461.96171875 1305274.034375
3180 21537.41796875 1326811.45234375
3190 21429.38359375 1348240.8359375
3200 16775.0828125 1365015.91875
3210 4970.24140625 1369986.16015625
3220 5016.07109375 1375002.23125
3230 4629.26484375 1379631.49609375
3240 1929.1234375 1381560.61953125
3250 1706.3484375 1383266.96796875
3260 10081.909375 1393348.87734375
3270 22430.87890625 1415779.75625
3280 22086.434375 1437866.190625
3290 21952.55703125 1459818.74765625
3300 21770.62265625 1481589.3703125
3310 18726.6125 1500315.9828125
3320 17545.665625 1517861.6484375
3330 1845.746875 1519707.3953125
3340 1592.2109375 1521299.60625
3350 2341.74609375 1523641.35234375
3360 2119.5859375 1525760.93828125
3370 1074.721875 1526835.66015625
3380 6323.278125 1533158.93828125
3390 25002.5734375 1558161.51171875
3400 24783.809375 1582945.32109375
3410 23880.65625 1606825.97734375
3420 25206.88046875 1632032.8578125
3430 26263.0125 1658295.8703125
3440 24271.69921875 1682567.56953125
3450 4607.1859375 1687174.75546875
3460 5925.28359375 1693100.0390625
3470 6064.30546875 1699164.34453125
3480 3300.8390625 1702465.18359375
3490 2784.49375 1705249.67734375
3500 3589.20546875 1708838.8828125
3510 21559.76484375 1730398.64765625
3520 27001.01796875 1757399.665625
3530 24564.1578125 1781963.8234375
3540 21381.04375 1803344.8671875
3550 23333.853125 1826678.7203125
3560 25015.76953125 1851694.48984375
3570 25383.06171875 1877077.5515625
3580 25802.840625 1902880.3921875
3590 25562.2421875 1928442.634375
3600 25272.91171875 1953715.54609375
3610 25933.909375 1979649.45546875
3620 26418.0171875 2006067.47265625
3630 26578.8546875 2032646.32734375
3640 26562.67109375 2059208.9984375
3650 26719.51328125 2085928.51171875
3660 26828.6875 2112757.19921875
3670 26489.24765625 2139246.446875
3680 26343.31015625 2165589.75703125
3690 27723.08359375 2193312.840625
3700 9302.89375 2202615.734375
3710 16053.83671875 2218669.57109375
3720 9288.609375 2227958.18046875
3730 7060.196875 2235018.37734375
3740 10828.6703125 2245847.04765625
3750 4854.95234375 2250702
3760 4695.5671875 2255397.5671875
3770 4966.8890625 2260364.45625
3780 4079.65390625 2264444.11015625
3790 3212.46796875 2267656.578125
3800 3268.57109375 2270925.14921875
3810 3727.5 2274652.64921875
3820 2014.82109375 2276667.4703125
3830 3223.62109375 2279891.09140625
3840 4904.53828125 2284795.6296875
3850 4588.71015625 2289384.33984375
3860 3473.34921875 2292857.6890625
3870 3058.97109375 2295916.66015625
3880 3062.7234375 2298979.38359375
3890 6542.87109375 2305522.2546875
3900 4498.0265625 2310020.28125
3910 4473.65390625 2314493.93515625
3920 4371.646875 2318865.58203125
3930 5524.1625 2324389.74453125
3940 5251.7609375 2329641.50546875
3950 3247.12265625 2332888.628125
3960 3309.27265625 2336197.90078125
3970 5250.3078125 2341448.20859375
3980 4899.615625 2346347.82421875
3990 10859.17734375 2357207.0015625
4000 49826.92421875 2407033.92578125
4010 48492.659375 2455526.58515625
4020 45977.69921875 2501504.284375
4030 41171.3703125 2542675.6546875
4040 43288.46171875 2585964.11640625
4050 47782.35 2633746.46640625
4060 47089.75625 2680836.22265625
4070 46796.31015625 2727632.5328125
4080 47060.67109375 2774693.20390625
4090 45846.58671875 2820539.790625
4100 45640.553125 2866180.34375
4110 48852.38125 2915032.725
4120 48593.434375 2963626.159375
4130 48181.71640625 3011807.87578125
4140 47729.171875 3059537.04765625
4150 47914.146875 3107451.19453125
4160 47326.525 3154777.71953125
4170 43754.55546875 3198532.275
4180 20547.17734375 3219079.45234375
4190 10400.56796875 3229480.0203125
4200 15634.01953125 3245114.03984375
4210 2653.8609375 3247767.90078125
4220 2129.04765625 3249896.9484375
4230 673.86171875 3250570.81015625
4240 142.7453125 3250713.55546875
4250 20.753125 3250734.30859375
4260 20.3953125 3250754.70390625
4270 2.146875 3250756.85078125
4280 0 3250756.85078125
4290 0 3250756.85078125
4300 0 3250756.85078125
4310 0 3250756.85078125
4320 0 3250756.85078125
4321 0 3250756.85078125
