0 0 0
10 4.1 41
20 2.9 70
30 4.6 116
40 3.7 153
50 3.1 184
60 3.6 220
70 3.5 255
80 3.7 292
90 3 322
100 4.4 366
110 3.8 404
120 5.1 455
130 3.2 487
140 4.5 532
150 4.2 574
160 3.8 612
170 4.2 654
180 4 694
190 3.7 731
200 4.7 778
210 4.3 821
220 3.6 857
230 3.5 892
240 4.8 940
250 4.7 987
260 4.4 1031
270 4.5 1076
280 3.8 1114
290 4.3 1157
300 3.5 1192
310 4.3 1235
320 4.7 1282
330 3.8 1320
340 3.7 1357
350 4 1397
360 3.2 1429
370 4.2 1471
380 3.2 1503
390 3.9 1542
400 3.4 1576
410 2.9 1605
420 2.6 1631
430 3.5 1666
440 5.1 1717
450 3.8 1755
460 4.2 1797
470 4 1837
480 4.5 1882
490 4.3 1925
500 4 1965
510 3.7 2002
520 3.3 2035
530 3.9 2074
540 3.4 2108
550 4.7 2155
560 3.8 2193
570 3.8 2231
580 4.7 2278
590 3.4 2312
600 3.8 2350
610 8.7 2437
620 8.7 2524
630 8.2 2606
640 6.7 2673
650 7.3 2746
660 7 2816
670 9.2 2908
680 7.3 2981
690 7.7 3058
700 9.2 3150
710 8.6 3236
720 8.3 3319
730 8.4 3403
740 6.1 3464
750 5.6 3520
760 8.3 3603
770 9.3 3696
780 8.4 3780
790 8.4 3864
800 7.4 3938
810 9 4028
820 7.1 4099
830 9.4 4193
840 8.3 4276
850 8.6 4362
860 8 4442
870 8.7 4529
880 8.4 4613
890 9.4 4707
900 9.7 4804
910 8.5 4889
920 7.6 4965
930 8.1 5046
940 6.8 5114
950 7.8 5192
960 8 5272
970 8.2 5354
980 8.8 5442
990 7.7 5519
1000 8.4 5603
1010 7 5673
1020 10.3 5776
1030 8.7 5863
1040 7.4 5937
1050 7.8 6015
1060 6.4 6079
1070 7.5 6154
1080 9.3 6247
1090 7.2 6319
1100 8.6 6405
1110 7.8 6483
1120 7.1 6554
1130 7.4 6628
1140 8.3 6711
1150 6.8 6779
1160 8.8 6867
1170 8.2 6949
1180 8.2 7031
1190 8 7111
1200 4 7151
1210 16 7311
1220 15.6 7467
1230 15.8 7625
1240 17.4 7799
1250 17.6 7975
1260 17.5 8150
1270 14.9 8299
1280 14.6 8445
1290 16.1 8606
1300 16 8766
1310 14.5 8911
1320 13.9 9050
1330 16 9210
1340 13.8 9348
1350 16.5 9513
1360 16.7 9680
1370 14.3 9823
1380 16.8 9991
1390 16.5 10156
1400 18 10336
1410 15.2 10488
1420 16.6 10654
1430 18.3 10837
1440 16.3 11000
1450 14.3 11143
1460 14.6 11289
1470 13.7 11426
1480 15.5 11581
1490 15.9 11740
1500 17.2 11912
1510 16.1 12073
1520 16.8 12241
1530 15.4 12395
1540 17.6 12571
1550 15.8 12729
1560 13.9 12868
1570 16.3 13031
1580 16 13191
1590 18.4 13375
1600 14.8 13523
1610 16.6 13689
1620 14.8 13837
1630 15.2 13989
1640 14.7 14136
1650 15.8 14294
1660 17.1 14465
1670 17 14635
1680 15.4 14789
1690 15.8 14947
1700 13.4 15081
1710 16.9 15250
1720 14.9 15399
1730 16 15559
1740 14.9 15708
1750 15.4 15862
1760 16.2 16024
1770 16.8 16192
1780 15.7 16349
1790 15.4 16503
1800 14.9 16652
1810 32.5 16977
1820 30.9 17286
1830 31.1 17597
1840 30 17897
1850 32.5 18222
1860 31.4 18536
1870 32.2 18858
1880 34.5 19203
1890 32.2 19525
1900 32 19845
1910 30.7 20152
1920 29.7 20449
1930 29.8 20747
1940 34.4 21091
1950 31.2 21403
1960 31.1 21714
1970 30.1 22015
1980 30.9 22324
1990 29.1 22615
2000 31.5 22930
2010 34.9 23279
2020 31.8 23597
2030 28.9 23886
2040 30.4 24190
2050 33.7 24527
2060 30.2 24829
2070 32.4 25153
2080 31.8 25471
2090 30.6 25777
2100 32.2 26099
2110 31.6 26415
2120 28.7 26702
2130 34.2 27044
2140 32.6 27370
2150 30.9 27679
2160 30 27979
2170 33.5 28314
2180 31.2 28626
2190 30.5 28931
2200 33.5 29266
2210 29.9 29565
2220 35.1 29916
2230 30.4 30220
2240 36.3 30583
2250 28.2 30865
2260 28 31145
2270 28.9 31434
2280 34.3 31777
2290 29.2 32069
2300 31.4 32383
2310 31.6 32699
2320 31.9 33018
2330 32.5 33343
2340 33.3 33676
2350 31.5 33991
2360 32 34311
2370 33.6 34647
2380 31 34957
2390 32 35277
2400 31.3 35590
2410 61.1 36201
2420 62.7 36828
2430 63.3 37461
2440 63.3 38094
2450 59.4 38688
2460 62.1 39309
2470 57.9 39888
2480 63.6 40524
2490 63.3 41157
2500 67.6 41833
2510 58.9 42422
2520 62.8 43050
2530 61.4 43664
2540 61.9 44283
2550 63.9 44922
2560 63.1 45553
2570 65.9 46212
2580 60.1 46813
2590 62.3 47436
2600 64.3 48079
2610 64.3 48722
2620 62.7 49349
2630 63.4 49983
2640 58.3 50566
2650 67.4 51240
2660 62.4 51864
2670 65.7 52521
2680 63.4 53155
2690 64.5 53800
2700 61 54410
2710 63.2 55042
2720 62.6 55668
2730 65.7 56325
2740 61.4 56939
2750 62.1 57560
2760 63.8 58198
2770 61.2 58810
2780 61.8 59428
2790 65.1 60079
2800 61.8 60697
2810 61.9 61316
2820 62.7 61943
2830 57.7 62520
2840 60.1 63121
2850 60 63721
2860 65.8 64379
2870 62.3 65002
2880 64.1 65643
2890 63 66273
2900 66.9 66942
2910 66 67602
2920 61.3 68215
2930 66.3 68878
2940 60.9 69487
2950 63.3 70120
2960 57.7 70697
2970 60.2 71299
2980 60.9 71908
2990 59.3 72501
3000 65.7 73158
3010 121.5 74373
3020 115.9 75532
3030 128.2 76814
3040 122.3 78037
3050 126.6 79303
3060 120.4 80507
3070 116.3 81670
3080 126.9 82939
3090 126.9 84208
3100 122.3 85431
3110 120.1 86632
3120 122.9 87861
3130 120.9 89070
3140 122.6 90296
3150 125 91546
3160 118.3 92729
3170 125.4 93983
3180 131 95293
3190 123 96523
3200 120.4 97727
3210 120.3 98930
3220 121.1 100141
3230 122.6 101367
3240 125.4 102621
3250 120.7 103828
3260 131.1 105139
3270 123.8 106377
3280 118.8 107565
3290 124 108805
3300 117.5 109980
3310 124.5 111225
3320 128 112505
3330 125.4 113759
3340 117.2 114931
3350 130.1 116232
3360 125.3 117485
3370 115 118635
3380 123.5 119870
3390 127.2 121142
3400 118.4 122326
3410 125.3 123579
3420 130.9 124888
3430 125.2 126140
3440 127.5 127415
3450 127.4 128689
3460 126.4 129953
3470 120.7 131160
3480 123.4 132394
3490 125 133644
3500 125.7 134901
3510 126.7 136168
3520 122.4 137392
3530 122.7 138619
3540 125.4 139873
3550 125 141123
3560 121.1 142334
3570 125.4 143588
3580 123.7 144825
3590 119.3 146018
3600 123.8 147256
3610 240.4 149660
3620 245.8 152118
3630 238.7 154505
3640 247.7 156982
3650 243.4 159416
3660 248.4 161900
3670 244.8 164348
3680 244.9 166797
3690 233.7 169134
3700 240.1 171535
3710 250.7 174042
3720 239.2 176434
3730 240.3 178837
3740 237.7 181214
3750 244.3 183657
3760 244.7 186104
3770 241.4 188518
3780 244.3 190961
3790 245.4 193415
3800 239.2 195807
3810 245.6 198263
3820 245.6 200719
3830 252.7 203246
3840 251.6 205762
3850 247.9 208241
3860 243.7 210678
3870 244.2 213120
3880 246.3 215583
3890 251.2 218095
3900 247.4 220569
3910 247.3 223042
3920 250 225542
3930 239.7 227939
3940 241.4 230353
3950 231.6 232669
3960 251.2 235181
3970 250.6 237687
3980 238.2 240069
3990 219.2 242261
4000 247.3 244734
4010 240.4 247138
4020 232.4 249462
4030 225.3 251715
4040 239.1 254106
4050 247.9 256585
4060 243.5 259020
4070 245.5 261475
4080 239.2 263867
4090 243.5 266302
4100 245.7 268759
4110 231.3 271072
4120 241.2 273484
4130 246 275944
4140 245.1 278395
4150 248.1 280876
4160 252.7 283403
4170 238.1 285784
4180 247.5 288259
4190 237.6 290635
4200 247.8 293113
4210 16.7 293280
4220 0 293280
4230 0 293280
4240 0 293280
4250 0 293280
4260 0 293280
4270 0 293280
4280 0 293280
4290 0 293280
4300 0 293280
4310 0 293280
4320 0 293280
4321 0 293280
