0 0 0
10 4 10
20 1 10
30 8 10
40 7 10
50 5 10
60 5 10
70 4 10
80 0 10
90 2 10
100 0 10
110 0 10
120 11 12
130 3 12
140 5 12
150 0 12
160 5 12
170 4 12
180 2 12
190 0 12
200 2 12
210 0 12
220 0 12
230 1 12
240 0 12
250 5 12
260 1 12
270 1 12
280 1 12
290 0 12
300 1 12
310 5 12
320 6 12
330 4 12
340 5 12
350 4 12
360 6 12
370 0 12
380 0 12
390 0 12
400 1 12
410 0 12
420 0 12
430 1 12
440 1 12
450 0 12
460 2 12
470 0 12
480 1 12
490 1 12
500 0 12
510 4 12
520 7 12
530 4 12
540 3 12
550 4 12
560 1 12
570 0 12
580 0 12
590 1 12
600 0 12
610 0 12
620 0 12
630 10 15
640 11 15
650 9 16
660 10 16
670 20 21
680 1 22
690 1 22
700 1 22
710 4 22
720 1 22
730 0 22
740 0 22
750 0 22
760 0 22
770 1 22
780 2 22
790 1 22
800 0 22
810 2 22
820 2 22
830 1 22
840 17 22
850 0 22
860 8 22
870 10 22
880 10 22
890 8 22
900 9 22
910 8 22
920 9 22
930 10 22
940 7 22
950 11 22
960 7 22
970 5 22
980 12 22
990 0 22
1000 2 22
1010 0 22
1020 3 22
1030 1 22
1040 0 22
1050 8 22
1060 6 22
1070 12 22
1080 13 22
1090 9 22
1100 10 22
1110 1 22
1120 1 22
1130 5 22
1140 11 22
1150 1 22
1160 11 22
1170 13 22
1180 16 22
1190 10 22
1200 0 22
1210 6 33
1220 37 40
1230 49 63
1240 18 67
1250 3 67
1260 2 67
1270 1 67
1280 4 67
1290 1 67
1300 4 67
1310 1 67
1320 0 67
1330 5 67
1340 2 67
1350 1 67
1360 19 67
1370 32 67
1380 26 67
1390 49 67
1400 51 67
1410 30 67
1420 57 67
1430 57 78
1440 61 78
1450 17 78
1460 30 78
1470 29 78
1480 6 78
1490 41 78
1500 48 78
1510 69 78
1520 49 78
1530 49 78
1540 98 98
1550 82 103
1560 86 103
1570 44 103
1580 46 103
1590 25 103
1600 13 103
1610 1 103
1620 2 103
1630 2 103
1640 2 103
1650 0 103
1660 3 103
1670 16 103
1680 0 103
1690 2 103
1700 3 103
1710 1 103
1720 1 103
1730 27 103
1740 40 103
1750 49 103
1760 61 103
1770 80 103
1780 83 103
1790 86 103
1800 80 103
1810 240 241
1820 375 377
1830 446 480
1840 450 480
1850 373 480
1860 308 480
1870 217 480
1880 166 480
1890 62 480
1900 40 480
1910 9 480
1920 1 480
1930 1 480
1940 23 480
1950 141 480
1960 187 480
1970 230 480
1980 161 480
1990 250 480
2000 399 480
2010 450 480
2020 404 480
2030 297 480
2040 267 480
2050 333 480
2060 359 480
2070 438 480
2080 405 480
2090 383 480
2100 322 480
2110 369 480
2120 457 480
2130 429 480
2140 353 480
2150 304 480
2160 240 480
2170 169 480
2180 102 480
2190 39 480
2200 4 480
2210 6 480
2220 7 480
2230 4 480
2240 8 480
2250 4 480
2260 7 480
2270 2 480
2280 99 480
2290 226 480
2300 322 480
2310 417 480
2320 434 480
2330 488 492
2340 470 495
2350 253 495
2360 198 495
2370 195 495
2380 231 495
2390 95 495
2400 99 495
2410 1 495
2420 13 495
2430 234 495
2440 188 495
2450 58 495
2460 20 495
2470 12 495
2480 11 495
2490 6 495
2500 11 495
2510 7 495
2520 11 495
2530 13 495
2540 5 495
2550 6 495
2560 12 495
2570 7 495
2580 55 495
2590 255 495
2600 501 504
2610 515 522
2620 515 523
2630 503 524
2640 531 532
2650 599 599
2660 608 724
2670 441 724
2680 290 724
2690 136 724
2700 169 724
2710 375 724
2720 259 724
2730 219 724
2740 192 724
2750 173 724
2760 249 724
2770 275 724
2780 196 724
2790 196 724
2800 450 724
2810 458 724
2820 325 724
2830 319 724
2840 218 724
2850 137 724
2860 95 724
2870 37 724
2880 42 724
2890 56 724
2900 94 724
2910 163 724
2920 205 724
2930 183 724
2940 115 724
2950 57 724
2960 7 724
2970 4 724
2980 4 724
2990 7 724
3000 10 724
3010 245 724
3020 533 724
3030 535 724
3040 535 724
3050 528 724
3060 531 724
3070 530 724
3080 626 724
3090 733 754
3100 437 754
3110 335 754
3120 302 754
3130 439 754
3140 425 754
3150 397 754
3160 359 754
3170 341 754
3180 337 754
3190 367 754
3200 598 754
3210 593 754
3220 591 754
3230 522 754
3240 524 754
3250 521 754
3260 538 754
3270 587 754
3280 633 754
3290 446 754
3300 240 754
3310 325 754
3320 211 754
3330 67 754
3340 69 754
3350 256 754
3360 245 754
3370 75 754
3380 135 754
3390 148 754
3400 123 754
3410 155 754
3420 201 754
3430 179 754
3440 288 754
3450 630 754
3460 626 754
3470 575 754
3480 615 754
3490 714 754
3500 771 773
3510 700 785
3520 414 785
3530 248 785
3540 179 785
3550 171 785
3560 130 785
3570 125 785
3580 109 785
3590 48 785
3600 46 785
3610 402 785
3620 407 785
3630 408 785
3640 414 785
3650 406 785
3660 409 785
3670 410 785
3680 407 785
3690 544 785
3700 561 785
3710 542 785
3720 535 785
3730 585 785
3740 611 785
3750 603 1003
3760 572 1003
3770 536 1003
3780 261 1003
3790 255 1003
3800 301 1003
3810 181 1003
3820 491 1003
3830 853 1003
3840 345 1003
3850 240 1003
3860 460 1003
3870 570 1003
3880 1346 1708
3890 626 1708
3900 561 1708
3910 1064 1708
3920 664 1708
3930 618 1708
3940 662 1708
3950 869 1708
3960 419 1708
3970 335 1708
3980 539 1708
3990 1280 1708
4000 932 1708
4010 516 1708
4020 364 1708
4030 371 1708
4040 521 1708
4050 677 1708
4060 812 1708
4070 746 1708
4080 719 1708
4090 726 1708
4100 738 1708
4110 654 1708
4120 722 1708
4130 772 1708
4140 832 1708
4150 958 1708
4160 1077 1708
4170 1332 1708
4180 535 1708
4190 857 1708
4200 826 1708
4210 561 1708
4220 292 1708
4230 171 1708
4240 117 1708
4250 60 1708
4260 4 1708
4270 0 1708
4280 0 1708
4290 0 1708
4300 0 1708
4310 0 1708
4320 0 1708
4321 0 1708
