10 3.5 35
20 4.5 80
30 3.9 119
40 4 159
50 3 189
60 5.2 241
70 4.7 288
80 4.2 330
90 4.9 379
100 3.4 413
110 3.3 446
120 2.4 470
130 3.7 507
140 3 537
150 4 577
160 3.1 608
170 5 658
180 3.4 692
190 3.5 727
200 4.7 774
210 4 814
220 2.6 840
230 4.1 881
240 3.7 918
250 2.9 947
260 3.7 984
270 3.8 1022
280 5.4 1076
290 3.3 1109
300 4 1149
310 4.3 1192
320 4.3 1235
330 3.9 1274
340 3.4 1308
350 4.5 1353
360 4.6 1399
370 3.6 1435
380 3.1 1466
390 6.4 1530
400 4.1 1571
410 5.1 1622
420 3.9 1661
430 4.9 1710
440 5 1760
450 4.1 1801
460 3.5 1836
470 4 1876
480 4.9 1925
490 4.8 1973
500 3.7 2010
510 2.9 2039
520 3.9 2078
530 4 2118
540 3.8 2156
550 4.4 2200
560 4.8 2248
570 5.6 2304
580 5.4 2358
590 4.1 2399
600 0.1 2400
610 7.4 2474
620 6.9 2543
630 6.9 2612
640 7.7 2689
650 7.6 2765
660 8.2 2847
670 9.1 2938
680 7.5 3013
690 9.7 3110
700 7.8 3188
710 6.8 3256
720 7.3 3329
730 9 3419
740 8.4 3503
750 9.1 3594
760 9.1 3685
770 7.5 3760
780 8 3840
790 8.2 3922
800 6.3 3985
810 8.3 4068
820 8.7 4155
830 8.7 4242
840 8.2 4324
850 8 4404
860 10.2 4506
870 7.6 4582
880 8.3 4665
890 10.2 4767
900 9.8 4865
910 7.4 4939
920 6.8 5007
930 9.2 5099
940 9 5189
950 7.9 5268
960 7.5 5343
970 8.4 5427
980 8.2 5509
990 8.4 5593
1000 7.2 5665
1010 9.6 5761
1020 6.3 5824
1030 10 5924
1040 8 6004
1050 9.5 6099
1060 7.3 6172
1070 7.1 6243
1080 8.7 6330
1090 9.3 6423
1100 7.3 6496
1110 8 6576
1120 9.3 6669
1130 7.8 6747
1140 7.6 6823
1150 8.2 6905
1160 10 7005
1170 7 7075
1180 9.1 7166
1190 3.4 7200
1200 0 7200
1210 16.4 7364
1220 15.9 7523
1230 17.1 7694
1240 16.3 7857
1250 14.3 8000
1260 15.9 8159
1270 14.8 8307
1280 15.1 8458
1290 15.9 8617
1300 15.7 8774
1310 16.4 8938
1320 14 9078
1330 14.8 9226
1340 15.7 9383
1350 17 9553
1360 18.8 9741
1370 15.2 9893
1380 18.5 10078
1390 14 10218
1400 16.4 10382
1410 13.3 10515
1420 17.3 10688
1430 14.5 10833
1440 16.4 10997
1450 17.1 11168
1460 16 11328
1470 14.7 11475
1480 15.7 11632
1490 14.6 11778
1500 17.7 11955
1510 14.6 12101
1520 14.8 12249
1530 17.3 12422
1540 17.9 12601
1550 15.8 12759
1560 16 12919
1570 16.2 13081
1580 16.5 13246
1590 15.4 13400
1600 17.5 13575
1610 16.5 13740
1620 14.5 13885
1630 14.2 14027
1640 14.1 14168
1650 17.1 14339
1660 16.6 14505
1670 17.8 14683
1680 15.8 14841
1690 16.7 15008
1700 12.5 15133
1710 14.7 15280
1720 14.6 15426
1730 16.1 15587
1740 13.6 15723
1750 17.7 15900
1760 17.2 16072
1770 16 16232
1780 16.5 16397
1790 16.1 16558
1800 15.2 16710
1810 29.3 17003
1820 31.7 17320
1830 28.2 17602
1840 31 17912
1850 33 18242
1860 34 18582
1870 31.7 18899
1880 28.7 19186
1890 31.5 19501
1900 28.6 19787
1910 28.1 20068
1920 30.3 20371
1930 32.9 20700
1940 30.7 21007
1950 28.1 21288
1960 36 21648
1970 28.9 21937
1980 29.1 22228
1990 29.5 22523
2000 34.9 22872
2010 30.3 23175
2020 31.4 23489
2030 32.7 23816
2040 33.6 24152
2050 32.7 24479
2060 32.8 24807
2070 34.9 25156
2080 27.3 25429
2090 32.2 25751
2100 32 26071
2110 33.4 26405
2120 34.5 26750
2130 32.3 27073
2140 28.3 27356
2150 30.5 27661
2160 32.3 27984
2170 32 28304
2180 31.3 28617
2190 31.8 28935
2200 30.7 29242
2210 32.3 29565
2220 28.7 29852
2230 31 30162
2240 28.1 30443
2250 31.8 30761
2260 29.2 31053
2270 31.3 31366
2280 31.6 31682
2290 32.9 32011
2300 34.1 32352
2310 32.7 32679
2320 29.1 32970
2330 29.2 33262
2340 33.4 33596
2350 33.5 33931
2360 30.3 34234
2370 33.4 34568
2380 30.3 34871
2390 32.6 35197
2400 30.7 35504
2410 62.1 36125
2420 65.1 36776
2430 62.2 37398
2440 62.1 38019
2450 43.8 38457
2460 85.1 39308
2470 62.3 39931
2480 62.1 40552
2490 58.8 41140
2500 64.2 41782
2510 62.5 42407
2520 62.9 43036
2530 63.9 43675
2540 64.7 44322
2550 64.9 44971
2560 61.8 45589
2570 66.1 46250
2580 62.1 46871
2590 55.3 47424
2600 60.5 48029
2610 63.5 48664
2620 63 49294
2630 61.6 49910
2640 68.3 50593
2650 62 51213
2660 66.5 51878
2670 58.3 52461
2680 61.3 53074
2690 66.5 53739
2700 62.9 54368
2710 68.1 55049
2720 34.3 55392
2730 88.4 56276
2740 61.5 56891
2750 62.4 57515
2760 63.1 58146
2770 62.3 58769
2780 62.1 59390
2790 64.6 60036
2800 62.3 60659
2810 61.3 61272
2820 63 61902
2830 62 62522
2840 62 63142
2850 69.2 63834
2860 47.6 64310
2870 46.4 64774
2880 63.8 65412
2890 64.2 66054
2900 62.6 66680
2910 63.2 67312
2920 62.7 67939
2930 61.5 68554
2940 63.3 69187
2950 61.8 69805
2960 65.9 70464
2970 62.6 71090
2980 59.6 71686
2990 33.6 72022
3000 90.3 72925
3010 108.6 74011
3020 116.8 75179
3030 73.3 75912
3040 117.3 77085
3050 113.4 78219
3060 113.3 79352
3070 115.8 80510
3080 115.6 81666
3090 117.3 82839
3100 115.4 83993
3110 112.1 85114
3120 114.2 86256
3130 114.9 87405
3140 95.5 88360
3150 117.6 89536
3160 115.1 90687
3170 109.9 91786
3180 113.8 92924
3190 113 94054
3200 116.2 95216
3210 112.9 96345
3220 114.7 97492
3230 103.1 98523
3240 115 99673
3250 90.7 100580
3260 115.4 101734
3270 116.3 102897
3280 116.2 104059
3290 113.2 105191
3300 117.2 106363
3310 117.5 107538
3320 118.1 108719
3330 117.1 109890
3340 117 111060
3350 126.5 112325
3360 126.3 113588
3370 119.7 114785
3380 128 116065
3390 124.1 117306
3400 123.5 118541
3410 122.1 119762
3420 124.2 121004
3430 114.3 122147
3440 108.3 123230
3450 119.2 124422
3460 123.7 125659
3470 122 126879
3480 100.6 127885
3490 148.9 129374
3500 116 130534
3510 126.9 131803
3520 121.6 133019
3530 90.8 133927
3540 157.1 135498
3550 129.8 136796
3560 126.9 138065
3570 118.9 139254
3580 129.3 140547
3590 122.2 141769
3600 126.2 143031
3610 211.2 145143
3620 213.3 147276
3630 215.2 149428
3640 189.6 151324
3650 195 153274
3660 215.3 155427
3670 216.9 157596
3680 204.7 159643
3690 214.9 161792
3700 218 163972
3710 210.8 166080
3720 213.8 168218
3730 215 170368
3740 209.7 172465
3750 205.3 174518
3760 214.8 176666
3770 188.6 178552
3780 210.1 180653
3790 213.9 182792
3800 167.3 184465
3810 207.1 186536
3820 233.8 188874
3830 223.1 191105
3840 232.5 193430
3850 232.4 195754
3860 231.9 198073
3870 231.4 200387
3880 221.6 202603
3890 223 204833
3900 230.1 207134
3910 191.2 209046
3920 218.9 211235
3930 214.9 213384
3940 228.7 215671
3950 217.6 217847
3960 225 220097
3970 209.8 222195
3980 200.5 224200
3990 249.2 226692
4000 271.1 229403
4010 174.3 231146
4020 231.2 233458
4030 233.9 235797
4040 218.4 237981
4050 303.2 241013
4060 278 243793
4070 226.4 246057
4080 252.5 248582
4090 244.6 251028
4100 147.3 252501
4110 311.7 255618
4120 288.7 258505
4130 242.8 260933
4140 205 262983
4150 263.3 265616
4160 236.1 267977
4170 251.1 270488
4180 244.3 272931
4190 253.1 275462
4200 237.9 277841
4210 8.5 277926
4220 0 277926
4230 0 277926
4240 0 277926
4250 0 277926
4260 0 277926
4260 0 277926
