2450 0.7 7
2460 0 7
2470 0 7
2480 0 7
2490 0 7
2500 0 7
2510 0 7
2520 0 7
2530 0 7
2540 0 7
2550 0 7
2560 0 7
2570 0 7
2580 0 7
2590 0 7
2600 0 7
2610 0 7
2620 0 7
2630 0 7
2640 0 7
2650 0 7
2660 0 7
2670 0 7
2680 0 7
2690 0 7
2700 0 7
2710 0 7
2720 0 7
2730 0 7
2740 0 7
2750 0 7
2760 0 7
2770 0 7
2780 0 7
2790 0 7
2800 0 7
2810 0 7
2820 0 7
2830 0 7
2840 0 7
2850 0 7
2860 16.8 175
2870 12.4 299
2880 0 299
2890 0 299
2900 0 299
2910 0 299
2920 0 299
2930 0 299
2940 0 299
2950 0 299
2960 0 299
2970 0 299
2980 0 299
2990 0 299
3000 0 299
3010 0 299
3020 0 299
3030 24.9 548
3040 9.7 645
3050 11.7 762
3060 10 862
3070 10.4 966
3080 11.4 1080
3090 0.1 1081
3100 9.4 1175
3110 11.5 1290
3120 10.9 1399
3130 9.3 1492
3140 29.7 1789
3150 10.4 1893
3160 13.6 2029
3170 21.4 2243
3180 19.1 2434
3190 4.7 2481
3200 8.3 2564
3210 11.2 2676
3220 9.9 2775
3230 19.7 2972
3240 7 3042
3250 30.8 3350
3260 5.8 3408
3270 6.2 3470
3280 15.8 3628
3290 7.2 3700
3300 4.1 3741
3310 5.2 3793
3320 6.2 3855
3330 6.8 3923
3340 30.2 4225
3350 0 4225
3360 0 4225
3370 0 4225
3380 0 4225
3390 0 4225
3400 0 4225
3410 0 4225
3420 0 4225
3430 9.1 4316
3440 13.9 4455
3450 0 4455
3460 0 4455
3470 0 4455
3480 0 4455
3490 0 4455
3500 0 4455
3510 0 4455
3520 0 4455
3530 0 4455
3540 0 4455
3550 0 4455
3560 0 4455
3570 0 4455
3580 0 4455
3590 0 4455
3600 0 4455
3610 0 4455
3620 0 4455
3630 0 4455
3640 8.3 4538
3650 70.4 5242
3660 60.8 5850
3670 24.9 6099
3680 44.3 6542
3690 25.6 6798
3700 29.6 7094
3710 34.4 7438
3720 28.2 7720
3730 31.5 8035
3740 34.5 8380
3750 18.7 8567
3760 34.6 8913
3770 18.5 9098
3780 60.6 9704
3790 27 9974
3800 131.3 11287
3810 50.8 11795
3820 0 11795
3830 0 11795
3840 0 11795
3850 0 11795
3860 0.6 11801
3870 9.3 11894
3880 24 12134
3890 2.9 12163
3900 24.8 12411
3910 34.2 12753
3920 47.1 13224
3930 27.3 13497
3940 13.2 13629
3950 23 13859
3960 21.2 14071
3970 25.4 14325
3980 101.7 15342
3990 0 15342
4000 0 15342
4010 0 15342
4020 0 15342
4030 0 15342
4040 0 15342
4050 0 15342
4060 0 15342
4070 0 15342
4080 0 15342
4090 0 15342
4100 0 15342
4110 0 15342
4120 0 15342
4130 0 15342
4140 0 15342
4150 0 15342
4160 0 15342
4170 0 15342
4180 0 15342
4190 0 15342
4200 0 15342
4210 0 15342
4220 0 15342
4230 0 15342
4240 0 15342
4250 0 15342
4260 0 15342
4260 0 15342
