10 3.5 13.809514508928572 0.6872929746506719 16.18212890625 13.133056640625 0 0
20 4.6 13.958602241847826 0.6519249456409147 16.489013671875 12.842041015625 13.809514508928572 35
30 3.8 15.06493498149671 7.241354631224052 59.0087890625 12.842041015625 13.894181616512345 81
40 4.1 13.979420731707316 0.5071901705479183 59.0087890625 12.842041015625 14.268035632221638 119
50 2.9 13.832906788793103 0.5116343377838277 59.0087890625 12.842041015625 14.194078063964843 160
60 5.3 14.415840580778301 3.378166859345755 59.0087890625 12.842041015625 14.138660249255953 189
70 4.6 13.937282396399457 0.7464985507679602 59.0087890625 12.842041015625 14.199365032605888 242
80 4.2 13.968238467261905 0.48287097745940477 59.0087890625 12.842041015625 14.15750461154514 288
90 4.9 17.470558633609695 17.81664857578306 132.281982421875 12.842041015625 14.133416193181818 330
100 3.4 14.029756433823529 0.48113765252014984 132.281982421875 12.842041015625 14.564867326640831 379
110 3.3 13.990552497632576 0.473032298475143 132.281982421875 12.842041015625 14.520814613914952 413
120 2.4 14.016347249348959 0.593261457023685 132.281982421875 12.842041015625 14.481579973024104 446
130 3.9 14.002760667067308 0.6334478290740747 132.281982421875 12.842041015625 14.457823408410905 470
140 2.9 13.948166419719827 0.5015594199716316 132.281982421875 12.842041015625 14.422956125675343 509
150 3.9 15.440204326923077 7.259548016791198 132.281982421875 12.842041015625 14.397363372008597 538
160 3.2 14.006805419921875 0.4512875798720356 132.281982421875 12.842041015625 14.467850022340771 577
170 5 14.039560546875 0.486179904543482 132.281982421875 12.842041015625 14.44362436178674 609
180 3.3 14.036554509943182 0.49520932546071383 132.281982421875 12.842041015625 14.412967016194044 659
190 3.5 13.929366629464285 0.5073430661079462 132.281982421875 12.842041015625 14.395016708815028 692
200 4.7 13.827527634640957 0.5270596142210017 132.281982421875 12.842041015625 14.372598892064993 727
210 4 19.408349609374998 24.16181708877794 136.532958984375 12.842041015625 14.339500249818315 774
220 2.8 13.981166294642858 0.4830769347529763 136.532958984375 12.842041015625 14.588583756430436 814
230 3.9 14.002072065304487 0.5128220230318721 136.532958984375 12.842041015625 14.568384600931562 842
240 3.7 13.955487225506756 0.7306968751852835 136.532958984375 12.842041015625 14.543315147027526 881
250 2.9 13.852749528556034 0.5034104593799932 136.532958984375 12.842041015625 14.519622736247277 918
260 3.7 13.96556297508446 0.5279168206736553 136.532958984375 12.842041015625 14.499201064628432 947
270 4 15.114825439453124 7.146329263156873 136.532958984375 12.842041015625 14.479135404757368 984
280 5.2 22.229783278245197 41.24393377215107 245.037109375 12.842041015625 14.503967046737671 1024
290 3.3 14.034127900094697 0.5023548806796184 245.037109375 12.842041015625 14.877333630416473 1076
300 4 13.950787353515626 0.4882179673576296 245.037109375 12.842041015625 14.852242747548468 1109
310 4.3 14.000641578851743 0.5444046852029774 245.037109375 12.842041015625 14.820860488400239 1149
320 4.3 13.931447583575581 0.49698425727133405 245.037109375 12.842041015625 14.791272054582635 1192
330 3.9 14.038611778846153 0.5735406270986182 245.037109375 12.842041015625 14.761334846280365 1235
340 3.4 15.279268152573529 7.8576123191317855 245.037109375 12.842041015625 14.739210670746663 1274
350 4.6 14.014006241508152 0.46291521688668924 245.037109375 12.842041015625 14.753248862170299 1308
360 4.6 13.82532269021739 0.4783711625462348 245.037109375 12.842041015625 14.728134267967596 1354
370 3.6 13.88433837890625 0.4724891737739617 245.037109375 12.842041015625 14.698470458984374 1400
380 3 14.138614908854167 0.482761648203075 245.037109375 12.842041015625 14.678060462547876 1436
390 6.5 13.970601712740384 0.4835430542821975 245.037109375 12.842041015625 14.667021331162603 1466
400 4 15.17646484375 7.225940163945989 245.037109375 12.842041015625 14.6374542017064 1531
410 5.1 13.856828278186274 0.4787453010671565 245.037109375 12.842041015625 14.651178215507638 1571
420 4 13.98211669921875 0.5883453733140483 245.037109375 12.842041015625 14.626201737823674 1622
430 4.9 14.197808713329081 1.0750231947943742 245.037109375 12.842041015625 14.610700292851233 1662
440 5 14.29236328125 1.0242009086306145 245.037109375 12.842041015625 14.598875811614187 1711
450 4 14.0064697265625 0.8244130072895339 245.037109375 12.842041015625 14.590173014045641 1761
460 3.5 15.58955078125 8.059390196355103 245.037109375 12.842041015625 14.577209032091547 1801
470 4 13.93092041015625 0.5169409863086113 245.037109375 12.842041015625 14.596507485915373 1836
480 4.9 13.893584582270408 0.49089999645420873 245.037109375 12.842041015625 14.582315863830956 1876
490 4.8 14.33087158203125 1.7905825271889653 245.037109375 12.842041015625 14.564784522118506 1925
500 3.7 13.819144584037161 0.5282726248524318 245.037109375 12.842041015625 14.559093786627281 1973
510 3 13.824910481770834 0.4637212758938114 245.037109375 12.842041015625 14.545472831156717 2010
520 3.9 13.986891526442308 0.5042500822212546 245.037109375 12.842041015625 14.534876326018688 2040
530 3.9 13.836763822115385 0.488362105858588 245.037109375 12.842041015625 14.524596668883778 2079
540 3.9 13.925399389022436 0.5031913239577552 245.037109375 12.842041015625 14.511931191535352 2118
550 4.4 13.890020197088068 0.5022102495925247 245.037109375 12.842041015625 14.501326304980877 2157
560 4.8 14.098475138346354 1.666928639652002 245.037109375 12.842041015625 14.489105737626364 2201
570 5.7 16.09228087308114 16.294041496984615 245.037109375 12.842041015625 14.480768579438084 2249
580 5.2 15.556382399338942 8.550815858272365 245.037109375 12.842041015625 14.520602144372019 2306
590 4.1 13.949069883765244 0.6844946581050956 245.037109375 12.842041015625 14.543443778493426 2358
600 0.1 14.4658203125 0.0 245.037109375 12.842041015625 14.533285658575188 2399
610 7.4 13.919225744298986 0.49265477037753685 245.037109375 12.842041015625 14.533257548014323 2400
620 6.9 13.900992130887682 0.5419708547865665 245.037109375 12.842041015625 14.514891196569321 2474
630 6.9 14.027407438858695 0.7160757616892098 245.037109375 12.842041015625 14.498234084680988 2543
640 7.8 14.144014798677885 0.5814781902449143 245.037109375 12.842041015625 14.48579647420559 2612
650 7.5 14.027027994791666 0.5259282349613904 245.037109375 12.842041015625 14.475886076179135 2690
660 8.2 13.947206078506097 0.5190673631386803 245.037109375 12.842041015625 14.463710902181283 2765
670 9.4 14.07903143700133 0.7610612258130124 245.037109375 12.842041015625 14.448834402166755 2847
680 7.5 14.046917317708333 0.7624791808213172 245.037109375 12.842041015625 14.437014790223351 2941
690 9.4 14.07960802443484 0.7513385330149785 245.037109375 12.842041015625 14.427314090475797 3016
700 7.8 13.822181114783653 0.5301184100210614 245.037109375 12.842041015625 14.41680464667906 3110
710 6.8 14.661678538602942 5.568833224993402 245.037109375 12.842041015625 14.402256141193538 3188
720 7.4 13.96303908889358 0.49397152656082804 245.037109375 12.842041015625 14.407674053670148 3256
730 9 14.023008897569444 0.7313966197561362 245.037109375 12.842041015625 14.397793276675113 3330
740 8.4 14.033182779947916 0.578179474953722 245.037109375 12.842041015625 14.387930529856542 3420
750 9 13.87624782986111 0.5889821448800996 245.037109375 12.842041015625 14.37942630297517 3504
760 9.1 13.865620707417582 0.49275664882551057 245.037109375 12.842041015625 14.366825840376322 3594
770 7.5 14.5058203125 5.319281301927051 245.037109375 12.842041015625 14.354448725831071 3685
780 8.1 13.885178554205247 0.5240183242672528 245.037109375 12.842041015625 14.357468105884308 3760
790 8.2 13.982278963414634 0.6950447808550175 245.037109375 12.842041015625 14.347508341842131 3841
800 6.2 13.968738186743952 0.5163198925753215 245.037109375 12.842041015625 14.339874182007552 3923
810 8.3 13.956192935805722 0.9314441036235602 245.037109375 12.842041015625 14.334099920600691 3985
820 8.7 14.082971331716953 0.6176046219091686 245.037109375 12.842041015625 14.326389429023015 4068
830 8.8 15.503240411931825 6.9723377342248885 245.037109375 12.842041015625 14.321292587996389 4155
840 8.1 13.881380811149691 0.5712518460761088 245.037109375 12.842041015625 14.345806236006364 4243
850 8.1 14.018584828317902 0.8423514978433119 245.037109375 12.842041015625 14.337106314772926 4324
860 10.1 14.010415860922029 0.5970347612184648 245.037109375 12.842041015625 14.331249279494184 4405
870 7.6 14.520841899671053 5.290945490141543 245.037109375 12.842041015625 14.324057940107636 4506
880 8.4 14.746436709449405 5.228437912967915 245.037109375 12.842041015625 14.327321925469228 4582
890 10.1 14.297307684870049 4.53420054798819 245.037109375 12.842041015625 14.334867069458584 4666
900 9.9 13.975780756786616 0.5198600610763484 245.037109375 12.842041015625 14.334071286399334 4767
910 7.4 13.918968406883446 0.5296174014762041 245.037109375 12.842041015625 14.326781775007706 4866
920 7.2 13.99106174045139 0.48349287958879195 245.037109375 12.842041015625 14.32067282981718 4940
930 8.7 13.965680001795977 1.169619560439757 245.037109375 12.842041015625 14.315937794215758 5012
940 9 13.781290690104166 0.5300579900250977 245.037109375 12.842041015625 14.309961636549446 5099
950 7.9 14.720857644382912 5.49180980734945 245.037109375 12.842041015625 14.300792165518404 5189
960 7.5 13.855374348958334 0.49174232799460527 245.037109375 12.842041015625 14.30709155291975 5268
970 8.5 14.068939568014706 0.7409893632511226 245.037109375 12.842041015625 14.30075077240373 5343
980 8.1 13.945225091628087 0.5510235808490574 245.037109375 12.842041015625 14.297120714855264 5428
990 8.5 13.947279986213236 0.9341713377765505 245.037109375 12.842041015625 14.291946718579824 5509
1000 7.3 13.900186617080479 0.5349558922758562 245.037109375 12.842041015625 14.286709558720839 5594
1010 9.7 14.369923385148196 4.67868005423944 245.037109375 12.842041015625 14.281730526651005 5667
1020 6.1 14.294141425461065 1.4518231436566662 245.037109375 12.842041015625 14.28321468821836 5764
1030 9.9 14.011605310921718 0.5343631123539035 245.037109375 12.842041015625 14.283329114136267 5825
1040 8 14.05911865234375 0.5372282321160351 245.037109375 12.842041015625 14.278788152536293 5924
1050 9.6 13.94823964436849 0.5393266531615045 245.037109375 12.842041015625 14.27586117718396 6004
1060 7.2 13.865353054470484 0.5003658221247503 245.037109375 12.842041015625 14.270705166175718 6100
1070 7.2 14.557054307725695 5.439793063432431 245.037109375 12.842041015625 14.26597649604565 6172
1080 8.9 13.840598117099718 0.6070420121472673 245.037109375 12.842041015625 14.269332934617232 6244
1090 9.2 13.870902683423912 0.5260970446599943 245.037109375 12.842041015625 14.263307765067404 6333
1100 7.2 13.94639417860243 0.4887085716034193 245.037109375 12.842041015625 14.257688890746595 6425
1110 8 14.000506591796874 0.5203272977434471 245.037109375 12.842041015625 14.254239110959865 6497
1120 9.2 13.988838527513588 0.5300535883008728 245.037109375 12.842041015625 14.251152809981754 6577
1130 7.8 14.887682792467949 5.345009432262064 245.037109375 12.842041015625 14.247534139418391 6669
1140 7.7 14.205433238636363 0.860183695210787 245.037109375 12.842041015625 14.254934701881393 6747
1150 8.3 14.10508930252259 0.6643046458745347 245.037109375 12.842041015625 14.254376141994248 6824
1160 9.9 13.92962584832702 0.5075058484316249 245.037109375 12.8291015625 14.252582192714366 6907
1170 7 14.528376116071428 5.575780840510674 245.037109375 12.8291015625 14.248018578941265 7006
1180 9 13.93454318576389 0.5887530107104475 245.037109375 12.8291015625 14.250792042423333 7076
1190 3.4 13.923777860753676 0.6088902767371275 245.037109375 12.8291015625 14.24682017567768 7166
1200 0 0 0 245.037109375 12.8291015625 14.245294698079427 7200
1210 16.6 14.828763295368976 4.521652456767419 245.037109375 12.8291015625 14.245294698079427 7200
1220 15.7 14.01274040853901 0.546968328772828 245.037109375 12.802978515625 14.2584437324468 7366
1230 17.6 13.902263294566762 0.5505086600829756 245.037109375 12.802978515625 14.253316067704871 7523
1240 15.9 13.911204979854563 0.6005819986509573 245.037109375 12.802978515625 14.24529096209735 7699
1250 14.3 13.895024653081293 0.5073796081333604 245.037109375 12.802978515625 14.238531014123744 7858
1260 15.8 13.869205523140817 0.5763065827501422 245.037109375 12.802978515625 14.232391605346207 8001
1270 15.1 14.352952969784768 4.10433851908901 245.037109375 12.802978515625 14.225358463908721 8159
1280 15.2 13.936402973375822 0.5422641330534943 245.037109375 12.802978515625 14.227676968167119 8310
1290 15.7 13.912843351910828 0.6069728383683608 245.037109375 12.802978515625 14.222444913427307 8462
1300 15.5 13.877200415826612 0.5711711668202942 245.037109375 12.802978515625 14.216805344433446 8619
1310 16.6 13.955107539533133 0.5204789130193334 245.037109375 12.802978515625 14.210805941204125 8774
1320 14 13.881961495535716 0.6176167032074286 245.037109375 12.802978515625 14.206058073790546 8940
1330 14.7 14.476054288903061 4.8532003295686 245.037109375 12.802978515625 14.201060989984855 9080
1340 15.7 14.062412917993637 0.8959032511877432 245.037109375 12.802978515625 14.205442047201826 9227
1350 17 13.968928079044117 1.1101055495074164 245.037109375 12.802978515625 14.203049083296701 9384
1360 18.8 13.91290283203125 0.6460891502378768 245.037109375 12.802978515625 14.198883229128507 9554
1370 15.3 13.842542062397875 0.7132744168071805 245.037109375 12.802978515625 14.19336441218596 9742
1380 18.3 13.94010950307377 0.5746815351850824 245.037109375 12.802978515625 14.187939872568217 9895
1390 14.1 14.866936433399824 6.165560787045981 245.037109375 12.802978515625 14.18343967832159 10078
1400 16.4 14.907311416253812 3.0297343596413135 245.037109375 12.802978515625 14.192870448696974 10219
1410 13.5 15.898976417824068 2.8237492508675297 245.037109375 12.802978515625 14.204155079216026 10383
1420 17.1 14.991683513797515 2.0141655876722067 245.037109375 12.802978515625 14.225908347965987 10518
1430 14.4 14.012313842773438 1.2766553501830373 245.037109375 12.802978515625 14.23815903122515 10689
1440 16.5 13.877994791666667 0.5978018270075183 245.037109375 12.802978515625 14.235156935117235 10833
1450 17.3 14.254453802384393 3.572880475279041 245.037109375 12.802978515625 14.229798528709765 10998
1460 15.7 14.10813097133758 0.6355405579004448 245.037109375 12.802978515625 14.23018035328641 11171
1470 14.9 13.875194984794463 0.519929996066272 245.037109375 12.802978515625 14.22848881435933 11328
1480 15.9 14.218680903596699 3.70901546310991 245.037109375 12.802978515625 14.223902181911377 11477
1490 14.3 13.955434945913462 0.5902712904143943 245.037109375 12.802978515625 14.22383083580859 11636
1500 17.7 13.8995202705685 0.6569997430497121 245.037109375 12.802978515625 14.220572442714523 11779
1510 14.7 14.222762542517007 3.7736235317185867 245.037109375 12.802978515625 14.215819495702995 11956
1520 14.7 14.479364304315476 4.637116426309595 245.037109375 12.802978515625 14.215903824206809 12103
1530 17.6 13.919898293235086 0.5467267297904694 245.037109375 12.802978515625 14.219065349968112 12250
1540 17.6 13.801616321910512 0.5220356745557068 245.037109375 12.802978515625 14.214827992654012 12426
1550 15.8 13.918024376977849 0.5869103691272237 245.037109375 12.802978515625 14.209057063114981 12602
1560 16 13.954400634765625 0.6405218971545472 245.037109375 12.802978515625 14.205453366844631 12760
1570 16.4 14.178652879668444 3.557880063775727 245.037109375 12.802978515625 14.202344354682662 12920
1580 16.4 14.028485554020579 0.8709482840840971 245.037109375 12.802978515625 14.202047396420484 13084
1590 15.3 14.007131140216503 0.8571857687603787 245.037109375 12.802978515625 14.199898834965655 13248
1600 17.6 14.001327514648438 1.4472695388282963 245.037109375 12.802978515625 14.197697994931582 13401
1610 16.4 13.867123487519056 0.5676126386478716 245.037109375 12.802978515625 14.195152424884455 13577
1620 14.5 14.482157529633621 1.0415131558629016 245.037109375 12.802978515625 14.191237371705798 13741
1630 14.1 14.907825659352836 4.15304642378443 245.037109375 12.802978515625 14.194275210024935 13886
1640 14.2 13.945023657570422 0.5517283254247556 245.037109375 12.802978515625 14.20144784945997 14027
1650 17 13.9471923828125 0.524732471771077 245.037109375 12.802978515625 14.198877997300444 14169
1660 16.7 13.94441926693488 0.5054989706842709 245.037109375 12.802978515625 14.195894068542305 14339
1670 17.8 14.015829364905196 0.5399956558998001 245.037109375 12.802978515625 14.192998970522973 14506
1680 16.3 13.930039481882668 0.5700993828404627 245.037109375 12.802978515625 14.190851313903526 14684
1690 16.4 14.562882586223322 4.584033920336928 245.037109375 12.802978515625 14.187987952374638 14847
1700 12.4 13.98302238218246 0.5836020017586472 245.037109375 12.802978515625 14.192083796752174 15011
1710 14.6 13.932968348672945 0.6056637465383119 245.037109375 12.802978515625 14.190370971155435 15135
1720 14.5 14.01036166487069 0.6368559047857035 245.037109375 12.802978515625 14.187911656785795 15281
1730 16.1 13.937277088994565 0.5818290102374262 245.037109375 12.802978515625 14.186242737504863 15426
1740 14.1 14.201786555296986 2.397606170977312 245.037109375 12.802978515625 14.18367114134074 15587
1750 17.2 13.940842739371366 1.2725589984051753 245.037109375 12.802978515625 14.183833544276132 15728
1760 17.4 14.595383216594827 5.0750665271048385 245.037109375 12.802978515625 14.181204964499804 15900
1770 15.8 13.963636953619462 0.8586162264954543 245.037109375 12.802978515625 14.185688417023416 16074
1780 16.7 14.212109959767965 3.6304554762454684 245.037109375 12.802978515625 14.183526999378158 16232
1790 16.1 14.218812172457298 3.5735983375110356 245.037109375 12.802978515625 14.183818075320904 16399
1800 15.5 14.200061428931452 0.8606236968776002 245.037109375 12.802978515625 14.18415829570973 16560
1810 28.9 14.30980009191176 0.9643078850162895 245.037109375 12.802978515625 14.184305767181424 16715
1820 31.6 14.067920539952532 2.694005960341767 245.037109375 12.802978515625 14.186438668842625 17004
1830 28.3 13.923092252374119 0.5959008067803555 245.037109375 12.802978515625 14.184276328846709 17320
1840 31.3 13.84494418305711 0.6140889018405082 245.037109375 12.802978515625 14.180077323356636 17603
1850 32.8 14.188904552924924 1.108127494150922 245.037109375 12.802978515625 14.174222407476208 17916
1860 34.4 14.021050031795058 0.8458676598619825 245.037109375 12.802978515625 14.17448637062613 18244
1870 31.4 13.863113306130574 0.5592588382687055 245.037109375 12.802978515625 14.171646791297645 18588
1880 28.8 15.445627000596794 11.844426933715898 245.037109375 12.802978515625 14.166521433433797 18902
1890 31.7 13.790177691246058 0.8235314846394431 245.037109375 12.717041015625 14.18571801516089 19190
1900 28.4 13.853095256106954 1.3539384815949844 245.037109375 12.717041015625 14.17929025678282 19507
1910 27.9 13.947589395721327 0.5352727513690523 245.037109375 12.717041015625 14.174609372532812 19791
1920 30.3 14.075468459931928 1.1732426830961227 245.037109375 12.717041015625 14.171453489447092 20070
1930 33.1 14.021839890955437 0.7501675148965227 245.037109375 12.717041015625 14.170025940046262 20373
1940 30.4 14.653489765368008 8.212206464013802 245.037109375 12.717041015625 14.167656852804711 20704
1950 28.2 14.311423876606826 1.4804634335922944 245.037109375 12.717041015625 14.174687184365034 21008
1960 35.9 14.258861148589833 0.9614295397518088 245.037109375 12.717041015625 14.176498351448744 21290
1970 29.1 14.09318872825387 0.70032027076275 245.037109375 12.717041015625 14.177864153295188 21649
1980 29.4 13.986527423469388 1.334894725374755 245.037109375 12.717041015625 14.176741065387848 21940
1990 29.2 13.949082466020972 0.5700800134258567 245.037109375 12.717041015625 14.174225871957784 22234
2000 35 14.020741489955354 2.5434584155040416 245.037109375 12.717041015625 14.171307383343137 22526
2010 30.1 13.918900702086795 0.5922399010048053 245.037109375 12.717041015625 14.169003743603422 22876
2020 31.4 13.95219431105693 0.5719559962148592 245.037109375 12.717041015625 14.165755652155154 23177
2030 32.8 13.907282387338034 0.5504812899345285 245.037109375 12.717041015625 14.162901015864453 23491
2040 33.6 13.893742152622767 0.536115968190109 245.037109375 12.717041015625 14.159381014598377 23819
2050 32.9 13.879629767049769 0.5650444680145681 245.037109375 12.717041015625 14.155685934589112 24155
2060 32.7 14.08110993644877 2.68774422438873 245.037109375 12.717041015625 14.151976472118909 24484
2070 34.8 13.914357152478443 0.7312008417235405 245.037109375 12.717041015625 14.151042476827945 24811
2080 27.3 14.244453625801283 3.6180192396547515 245.037109375 12.717041015625 14.147768638723344 25159
2090 32.3 13.894893303744189 0.5710391622462347 245.037109375 12.717041015625 14.148806504462266 25432
2100 31.9 13.977337015086206 1.2646219682551207 245.037109375 12.717041015625 14.145622114486265 25755
2110 33.3 13.997150226398274 0.7896362704919643 245.037109375 12.717041015625 14.143563245624232 26074
2120 34.6 14.175584385160766 2.9913943836984123 245.037109375 12.717041015625 14.141716934592981 26407
2130 32.3 13.788471422697373 0.5395043682753232 245.037109375 12.717041015625 14.142154946699902 26753
2140 28.4 13.834819954885562 0.6353216529917425 245.037109375 12.717041015625 14.13793572014307 27076
2150 30.3 13.855297126392324 0.9379139089594345 245.037109375 12.717041015625 14.13478934304756 27360
2160 32.2 13.992775863742237 1.259955359538761 245.037109375 12.717041015625 14.131727992447606 27663
2170 32 13.976931762695312 0.7247881789487385 245.037109375 12.717041015625 14.13012918646429 27985
2180 31.5 14.052091858878969 2.628096550845771 245.037109375 12.2138671875 14.128397224775327 28305
2190 31.6 13.865971432456487 0.6542113212905941 245.037109375 12.2138671875 14.127557385842506 28620
2200 30.6 13.926562340430964 0.6883448883141645 245.037109375 12.2138671875 14.124700696553385 28936
2210 32.4 13.969637647087191 0.7140932012875149 245.037109375 12.2138671875 14.122627297436585 29242
2220 29 13.968975619612067 1.02885136854648 245.037109375 12.2138671875 14.120950755235638 29566
2230 30.7 13.852529519543971 0.5467394624947389 245.037109375 12.2138671875 14.119474576600496 29856
2240 28.1 14.18618459463968 3.2635323044773648 245.037109375 12.2138671875 14.116757601083592 30163
2250 32.2 13.799427861752722 0.5667030411327155 245.037109375 12.2138671875 14.11739841652142 30444
2260 28.9 13.98553741349481 0.728840647146915 245.037109375 12.2138671875 14.11407050523508 30766
2270 31.4 13.952475772541796 0.5113259420310515 245.037109375 12.2138671875 14.112874367301965 31055
2280 31.4 14.011148829369025 0.8364994390790234 245.037109375 12.2138671875 14.111268796236432 31369
2290 33.1 13.783062983855741 0.5753674400378902 245.037109375 12.2138671875 14.110276539518432 31683
2300 34.5 13.777369933197464 0.5302770166518895 245.037109375 12.2138671875 14.106893404423651 32014
2310 32.6 13.908987220810966 0.5324272351397078 245.037109375 12.2138671875 14.103380143891092 32359
2320 28.7 13.90309743847996 1.0869920298817801 245.037109375 12.2138671875 14.10144127000631 32685
2330 29.1 13.901335306593639 0.7800027676074143 245.037109375 12.2138671875 14.099714814842898 32972
2340 33.5 13.934515654151122 1.1542837874580687 245.037109375 12.2138671875 14.097979299799139 33263
2350 33.8 13.919979659763314 0.7757164672249655 245.037109375 12.2138671875 14.096349431316131 33598
2360 30 13.9101953125 0.7824619544269263 245.037109375 12.2138671875 14.094592801696116 33936
2370 33.7 13.882330738826044 0.5304124479866399 245.037109375 12.2138671875 14.092976980725242 34236
2380 30.1 14.259877556582225 3.645845462718481 245.037109375 12.2138671875 14.090923708416792 34573
2390 33 13.962525153882575 0.7825729149418743 245.037109375 12.2138671875 14.09238196122111 34874
2400 30.4 13.966744673879523 1.1376919104693035 245.037109375 12.2138671875 14.09116469197836 35204
2410 62.2 13.866048831265063 0.5933822585314912 245.037109375 12.2138671875 14.090099476097373 35508
2420 66.1 13.958679660906773 1.2863998368157998 245.037109375 12.2138671875 14.086242307509337 36130
2430 61 14.046303470799181 2.0540638255144046 245.037109375 12.2138671875 14.083950472294086 36791
2440 62.8 13.926224435210987 1.1200512152709328 245.037109375 12.2138671875 14.083336460077515 37401
2450 64.7 1323.9054938055465 1659.327423873453 5033.43212890625 12.2138671875 14.080741957155634 38029
2460 64.6 13.876143228158856 0.7154463221017054 5033.43212890625 12.2138671875 35.99243433604458 38676
2470 62.9 13.867560115262323 1.0782876605514486 5033.43212890625 12.2138671875 35.629097678303516 39322
2480 61.6 13.853031703404017 0.6524052600801331 5033.43212890625 12.2138671875 35.286477790762454 39951
2490 58.5 14.017921591212604 2.8001761762312816 5033.43212890625 12.2138671875 34.96101613991785 40567
2500 64.2 13.851756443487144 0.5518830864157268 5033.43212890625 12.2138671875 34.66329767396255 41152
2510 63 13.93740738157242 0.9654058889626623 5033.43212890625 12.2138671875 34.34361041095912 41794
2520 62.6 13.85128013927715 0.6092234022126912 5033.43212890625 12.2138671875 34.040576564350744 42424
2530 63.9 13.936830619131452 0.8190399462989878 5033.43212890625 12.2138671875 33.74699933875037 43050
2540 64.7 13.919467554578825 0.73054412781799 5033.43212890625 12.2138671875 33.45725368625577 43689
2550 64.9 14.143445971566834 3.04783371624518 5033.43212890625 12.2138671875 33.17213667914654 44336
2560 62.2 14.127186667880828 2.863406524007903 5033.43212890625 12.2138671875 32.89760916399217 44985
2570 65.6 13.917202461056593 0.7188600880086179 5033.43212890625 12.2138671875 32.64161331264082 45607
2580 62.3 13.914801191939205 0.591617991213194 5033.43212890625 12.2138671875 32.37610494702166 46263
2590 55.4 13.863270673510831 0.5560696069170242 5033.43212890625 12.2138671875 32.1307994775976 46886
2600 60.3 13.883392283374793 0.6367954502021942 5033.43212890625 12.2138671875 31.917472939708393 47440
2610 63.6 14.101757889273776 2.438903733122425 5033.43212890625 12.2138671875 31.691122573666114 48043
2620 62.6 13.875634531624407 0.6888686421098174 5033.43212890625 12.2138671875 31.461314320841005 48679
2630 62.1 13.807737095536437 0.6595880265635218 5033.43212890625 12.2138671875 31.238038069993227 49305
2640 68.4 13.877630936472043 0.5186638741897184 5033.43212890625 12.2138671875 31.02123286017995 49926
2650 61.5 13.865090272484762 0.592768378539537 5033.43212890625 12.2138671875 30.789535098555444 50610
2660 66.8 13.886296620625933 0.6237565472953167 5033.43212890625 12.2138671875 30.58634264237129 51225
2670 58 14.13868871228449 2.74880265570851 5033.43212890625 12.2138671875 30.371368932188297 51893
2680 61.7 14.05368719611021 2.4506072880507292 5033.43212890625 12.2138671875 30.191944189414983 52473
2690 65.9 13.868239268185699 0.5807856834530545 5033.43212890625 12.2138671875 30.004389008309897 53090
2700 63.4 13.889698112800673 0.6591374907219217 5033.43212890625 12.2138671875 29.806548626558758 53749
2710 68.3 13.873591276422953 0.9415412690044661 5033.43212890625 12.2138671875 29.620989109325016 54383
2720 33.3 13.882293426238745 0.5682166533514454 5033.43212890625 12.2138671875 29.42566944347182 55066
2730 89.3 910.2999761053856 1521.8638677621364 5033.43212890625 12.2138671875 29.33223916108877 55399
2740 61.6 13.910045673320823 0.802972301936241 5033.43212890625 12.2138671875 43.307656433370035 56292
2750 62.1 13.859488224637674 1.089765947488798 5033.43212890625 12.2138671875 42.98944232940943 56908
2760 62.9 13.911726279933426 1.0084871964668052 5033.43212890625 12.2138671875 42.674997414687056 57529
2770 62.2 13.888088606561489 0.5788809970877123 5033.43212890625 12.2138671875 42.363912137618385 58158
2780 62.7 13.915199876021736 0.9263939007997309 5033.43212890625 12.2138671875 42.06258579810975 58780
2790 64.1 14.043883991687792 2.555703940804079 5033.43212890625 12.2138671875 41.76550951125552 59407
2800 62.1 13.867806304096222 0.6803389715709571 5033.43212890625 12.2138671875 41.469586883390434 60048
2810 61.8 13.898087091044706 0.767812924556196 5033.43212890625 12.2138671875 41.18705864426103 60669
2820 62.6 14.059201761556507 1.7176285659869281 5033.43212890625 12.2138671875 40.91188471798159 61287
2830 62.3 13.948555298831254 1.035966734007498 5033.43212890625 12.2138671875 40.640378256806684 61913
2840 62 14.050978531376009 1.7466413717398923 5033.43212890625 12.2138671875 40.37446733025528 62536
2850 69.3 14.19980954917478 3.4143244052765063 5033.43212890625 12.2138671875 40.11605066271292 63156
2860 64.6 13.853387507860875 0.9793464092026106 5033.43212890625 12.2138671875 39.83476270061983 63849
2870 58.9 13.90607176490874 0.6102407392953018 5033.43212890625 12.2138671875 39.57452596328326 64495
2880 63.7 13.830695950255107 0.5323058127849097 5033.43212890625 12.2138671875 39.34223047556212 65084
2890 63.8 13.840379864444554 0.7908424110438036 5033.43212890625 12.2138671875 39.09496023480771 65721
2900 62.6 13.876021022613815 0.5680076797208522 5033.43212890625 12.2138671875 38.852153346875525 66359
2910 63.3 14.251040201051538 3.1638488537589304 5033.43212890625 12.2138671875 38.61874200351525 66985
2920 62.9 15.596486781473574 39.78521691798896 5033.43212890625 12.2138671875 38.39062589181483 67618
2930 61.8 20.494751371612058 31.506107585096018 5033.43212890625 12.2138671875 38.18054319952938 68247
2940 62.6 14.039109300119808 0.9205965813818086 5033.43212890625 12.2138671875 38.021829493733215 68865
2950 62.1 17.93218787741545 24.539322082204283 5033.43212890625 12.2138671875 37.80578449738546 69491
2960 65.4 13.978929618812112 0.7947248060880585 5033.43212890625 12.2138671875 37.62975894539719 70112
2970 62.7 13.982551927581735 1.0289274322132043 5033.43212890625 12.2138671875 37.41118445511108 70766
2980 59.9 15.759457901841623 41.04140708534544 5033.43212890625 12.2138671875 37.205425450800284 71393
2990 65 1253.3478692157457 1605.2515026590418 5033.43212890625 12.2138671875 37.02698708873469 71992
3000 58.7 14.0003086070592 2.295736571608641 5033.43212890625 12.2138671875 47.910616027675765 72642
3010 115 13.998019276494567 2.592475136402042 5033.43212890625 12.2138671875 47.6387927000883 73229
3020 122.7 13.832879076571418 0.8645724021653876 5033.43212890625 12.2138671875 47.11866081558954 74379
3030 124.9 1240.895071330502 1624.7499410899727 5039.778076171875 12.2138671875 46.57847016678157 75606
3040 126.6 13.972110886897706 2.2780792100178546 5039.778076171875 12.2138671875 65.98776604673066 76855
3050 125.1 16.339257890562575 19.24648757969985 5039.778076171875 12.2138671875 65.14481959913847 78121
3060 123.2 13.873253958565837 1.3112889062647513 5039.778076171875 12.2138671875 64.37558412948383 79372
3070 126.4 13.837145068977456 1.0411259771720849 5039.778076171875 12.2138671875 63.60367615009607 80604
3080 125.5 13.831086591135463 0.8303564174453811 5039.778076171875 12.2138671875 62.835306392846185 81868
3090 118.6 13.762335071274238 0.5374322219627464 5039.778076171875 12.2138671875 62.09543540826734 83123
3100 125.2 13.957221765487722 2.546472671019705 5039.778076171875 12.2138671875 61.415519183431634 84309
3110 124.2 13.839340529388087 0.8455471361189277 5039.778076171875 12.2138671875 60.721069745401856 85561
3120 124.1 13.798459848408541 0.8066497496871962 5039.778076171875 12.2138671875 60.050273716620715 86803
3130 118 13.815877623477231 0.5871141175126758 5039.778076171875 12.2138671875 59.39834398818435 88044
3140 132.3 1247.2837672503906 1626.9500154290884 5043.3837890625 12.2138671875 58.79550943346416 89224
3150 128.1 13.80986991364168 0.6222390750580689 5043.3837890625 12.2138671875 76.16074478186657 90547
3160 128.3 13.945782513518113 1.9596989129322455 5043.3837890625 12.2138671875 75.29095048485263 91828
3170 131.6 13.789363965437405 0.5698183057938396 5043.3837890625 12.2138671875 74.44565991223261 93111
3180 131.9 13.843063111554676 0.5672468463064196 5043.3837890625 12.2138671875 73.60031180770761 94427
3190 118.4 13.849682163547826 0.6246528123414548 5043.3837890625 12.2138671875 72.77709401239265 95746
3200 124.9 13.87536220382556 1.0111548375867134 5043.3837890625 12.2138671875 72.05729564626212 96930
3210 123.5 13.858985956477733 0.6707776357213262 5043.3837890625 12.2138671875 71.31712478620445 98179
3220 125.1 14.045702695655976 2.490202873011105 5043.3837890625 12.2138671875 70.60333395740054 99414
3230 122.3 15.483371887456574 40.377033883753136 5043.3837890625 12.2138671875 69.90047202218528 100665
3240 92.8 13.825908003182246 0.5528552353833751 5043.3837890625 12.2138671875 69.24728309449239 101888
3250 150.4 1051.8652799890422 1551.363503017983 5043.3837890625 12.2138671875 68.74705904293684 102816
3260 121.3 15.491138278995805 40.46182267895934 5043.3837890625 12.2138671875 82.92084934492057 104320
3270 122.3 13.834262651395134 0.7228107897941348 5043.3837890625 12.2138671875 82.14580988311272 105533
3280 132.6 14.507165508931926 7.236123615399918 5043.3837890625 12.2138671875 81.363230709442 106756
3290 119.3 13.814755589244555 0.7738795240280891 5043.3837890625 12.2138671875 80.54300955831715 108082
3300 123.1 13.837068955942836 1.1432765837912569 5043.3837890625 12.2138671875 79.81450983756581 109275
3310 121.8 13.825966420040539 0.6480003642962063 5043.3837890625 12.2138671875 79.07954314141105 110506
3320 124.9 13.79048981372598 0.6141352032291504 5043.3837890625 12.2138671875 78.36815743693727 111724
3330 122.4 13.810275807100181 0.6071493789348262 5043.3837890625 12.2138671875 77.65420359963639 112973
3340 116 13.881160551926186 1.1482961336270534 5043.3837890625 12.2138671875 76.96990394537171 114197
3350 121.3 13.848842535938791 0.9249540593683696 5043.3837890625 12.2138671875 76.33549994443204 115357
3360 126.7 13.85459508496941 1.1950256567495088 5043.3837890625 12.114013671875 75.68527848576771 116570
3370 119.7 13.826183500744055 0.602081763425682 5043.3837890625 12.114013671875 75.02046628018871 117837
3380 126.4 13.860224470307555 0.5986925544456538 5043.3837890625 12.114013671875 74.40509960775063 119034
3390 125.9 13.819826739661934 0.6023606115813573 5043.3837890625 12.114013671875 73.76894005253169 120298
3400 122.4 13.955973706214257 2.513870728082422 5043.3837890625 12.114013671875 73.1480302434635 121557
3410 120.6 14.691075668208434 28.829151411052354 5043.3837890625 12.114013671875 72.55794645850007 122781
3420 126.3 23.36555023072544 51.674448214993625 5043.3837890625 12.114013671875 71.99508546361277 123987
3430 122.7 13.825246846666158 0.764703199098115 5043.3837890625 12.114013671875 71.50471338377935 125250
3440 122 13.85398129322489 0.5905805133648601 5043.3837890625 12.114013671875 70.9451436166198 126477
3450 119.8 14.627486647667991 28.850383028626133 5043.3837890625 12.114013671875 70.39970231389114 127697
3460 123.5 14.572191493231275 5.788210556857 5043.3837890625 12.114013671875 69.88133376299207 128895
3470 121.9 14.017121688179348 2.3451681306019805 5043.3837890625 12.114013671875 69.35642182336896 130130
3480 99.1 13.864199179332752 0.7503893334749987 5043.3837890625 12.114013671875 68.84283887363355 131349
3490 152.2 1081.546921037027 1583.9209068173993 5044.730224609375 12.011962890625 68.43114299984595 132340
3500 113.3 13.865762951304616 0.7967191571253165 5044.730224609375 12.011962890625 79.95018659827261 133862
3510 127.5 13.832056717218132 0.6936149910923535 5044.730224609375 12.011962890625 79.39554641165819 134995
3520 122 13.777031370069157 0.7161507374412772 5044.730224609375 12.011962890625 78.78210655431313 136270
3530 89.2 14.977571906530265 33.57149710761953 5044.730224609375 12.011962890625 78.20529230073267 137490
3540 159.6 974.6361810593386 1485.6528344381807 5044.730224609375 12.011962890625 77.79773115411224 138382
3550 129 13.823970256480136 0.7114497974490938 5044.730224609375 12.011962890625 88.0232963575638 139978
3560 126.2 13.79213360334539 0.7645129830404443 5044.730224609375 12.011962890625 87.34573929814199 141268
3570 118.8 13.844734166206335 0.8638006521753026 5044.730224609375 12.011962890625 86.6944753509952 142530
3580 129.2 15.393805819768286 28.788415330649585 5044.730224609375 12.011962890625 86.09228569815055 143718
3590 122.2 13.988738564149442 2.373028510194157 5044.730224609375 12.011962890625 85.46238130533027 145010
3600 126 13.786361452132931 0.7189118102779786 5044.730224609375 12.011962890625 84.86510580181721 146232
3610 233.5 13.825525921774625 1.2456923818404477 5044.730224609375 12.011962890625 84.25789172999906 147492
3620 228.5 13.737410036583702 0.6457902949605856 5044.730224609375 12.011962890625 83.16022859743815 149827
3630 247.2 13.771144237333122 0.7214118342508229 5044.730224609375 12.011962890625 82.11737109499552 152112
3640 127.8 14.536702856025045 27.886635539108497 5044.730224609375 12.011962890625 81.02442568801847 154584
3650 338.6 659.6789899759578 1209.1198128482104 5044.730224609375 12.011962890625 80.47925553891677 155862
3660 276.1 13.887692925032828 2.295990024033904 5044.730224609375 12.011962890625 92.794451339202 159248
3670 240.6 14.171739738381916 20.427029543103423 5044.730224609375 12.011962890625 91.44970160319029 162009
3680 249 13.770506439821792 0.7100003346843894 5044.730224609375 12.011962890625 90.31883899183045 164415
3690 240.9 13.821179102940803 0.7256707989312554 5044.730224609375 12.011962890625 89.17683996211592 166905
3700 247 13.852325068794293 1.384056760056889 5044.730224609375 12.011962890625 88.10467943782523 169314
3710 246.3 13.928058309860935 2.2266778673397023 5044.730224609375 12.011962890625 87.0370403370271 171784
3720 242.3 13.835617084322124 0.9084575543898745 5044.730224609375 12.011962890625 86.00363704897674 174247
3730 246.4 13.834261708445354 1.09739145949644 5044.730224609375 12.011962890625 85.01386452181107 176670
3740 242.8 13.849927723113153 0.9209451619251026 5044.730224609375 12.011962890625 84.03478438441599 179134
3750 211.5 13.874947824320335 0.7980749359888463 5044.730224609375 12.011962890625 83.09621336199035 181562
3760 263.4 13.754802822614135 0.8112820708243467 5044.730224609375 12.011962890625 82.29914581073368 183677
3770 206.6 17.406710747481515 22.761979466745334 5044.730224609375 12.011962890625 81.33008977308315 186311
3780 270.1 13.958749002105696 2.2962758908278933 5044.730224609375 11.968017578125 80.62901851137448 188377
3790 200.8 13.922812047707602 1.4433234191800088 5044.730224609375 11.968017578125 79.68659500922072 191078
3800 268.3 803.2639266620861 1328.9167149740936 5052.9150390625 11.968017578125 79.00268381842119 193086
3810 265.7 14.136515039136016 1.2413051183309256 5052.9150390625 11.968017578125 88.92863182116704 195769
3820 257.6 13.799868850234132 0.7657295484461704 5052.9150390625 11.968017578125 87.92713678377348 198426
3830 231.5 14.920677498143904 29.45568603302182 5052.9150390625 11.968017578125 86.97713707134874 201002
3840 240.1 16.356725448868996 49.83349252221228 5052.9150390625 11.968017578125 86.15669065559418 203317
3850 254.8 13.85538328161793 1.2750678438029568 5052.9150390625 11.968017578125 85.34203313189013 205718
3860 239.4 13.891989699182847 0.9092804831785855 5052.9150390625 11.968017578125 84.46744014110675 208266
3870 227 14.36087286188739 20.993899893154126 5052.9150390625 11.968017578125 83.6654007014506 210660
3880 260.7 13.888147726523542 2.0334755323036906 5052.9150390625 11.968017578125 82.92656033984909 212930
3890 206.4 14.105831412381907 2.3220780976761497 5052.9150390625 11.968017578125 82.09151511938606 215537
3900 272.8 13.952534068714483 1.0602929519626343 5052.9150390625 11.968017578125 81.44665387715254 217601
3910 226.1 962.3356175580843 1371.8068084241013 5052.9150390625 11.968017578125 80.61097650904658 220329
3920 265.6 13.964939531073504 1.046664590292145 5052.9150390625 11.968017578125 89.56726121820634 222590
3930 242.1 13.763141038052455 0.5983969366440981 5052.9150390625 11.968017578125 88.6757924844618 225246
3940 241.1 13.780965253655117 0.7931655710749819 5052.9150390625 11.968017578125 87.87917492833044 227667
3950 242.3 13.984572690427669 2.391013874633883 5052.9150390625 11.968017578125 87.1026957189943 230078
3960 245.8 13.999743543086357 1.6370078614649206 5052.9150390625 11.968017578125 86.34069808415308 232501
3970 222.8 14.2868959163207 21.227336304360808 5052.9150390625 11.968017578125 85.58391044774868 234959
3980 239.4 934.0452530047465 1386.851256189683 5052.9150390625 11.968017578125 84.91418677665362 237187
3990 247.4 14.344992215920573 1.5548436723579029 5052.9150390625 11.968017578125 93.39908237584578 239581
4000 279.7 13.800007017842779 1.1096999971058332 5052.9150390625 11.968017578125 92.59108494114848 242055
4010 194.2 14.207134211468523 3.2585877620180206 5052.9150390625 11.968017578125 91.69103656518469 244852
4020 244.3 13.936692926857338 1.0901254050818856 5052.9150390625 11.968017578125 91.08132264032866 246794
4030 269.7 13.783244403503899 0.6966903947069577 5052.9150390625 11.968017578125 90.32515750276879 249237
4040 215.2 1049.9515518131755 1429.474949806181 5052.9150390625 11.968017578125 89.5057621864212 251934
4050 257.3 14.532497745518357 19.76879593696849 5052.9150390625 11.968017578125 97.640328196657 254086
4060 249.9 14.509793565863845 28.167270544255953 5052.9150390625 11.968017578125 96.80717429303085 256659
4070 227.9 14.061082077528525 2.347100928258254 5052.9150390625 11.968017578125 96.01359989271448 259158
4080 251.2 13.986709205967612 1.2750035140187512 5052.9150390625 11.968017578125 95.2992029706996 261437
4090 245.3 13.780156990483606 0.7569543694245187 5052.9150390625 11.968017578125 94.52535277866626 263949
4100 225.6 918.805181300386 1298.7736619976004 5052.9150390625 11.968017578125 93.78185999231926 266402
4110 281.3 13.80177447620424 0.748700130924876 5052.9150390625 11.968017578125 100.70982272885047 268658
4120 239.2 14.175606309769544 20.445636879733733 5052.9150390625 11.968017578125 99.8092759310905 271471
4130 244.2 14.124538112331066 2.6181641894714476 5052.9150390625 11.968017578125 99.06132627109919 273863
4140 204.7 13.987779849322177 0.9301948330261314 5052.9150390625 11.968017578125 98.31064989288052 276305
4150 263.3 13.999242728262681 2.521065984643033 5052.9150390625 11.968017578125 97.69053969076533 278352
4160 236.8 13.930424870671454 0.8015241928507822 5052.9150390625 11.968017578125 96.90630143996096 280985
4170 250.7 14.186314354962349 19.954546505089112 5052.9150390625 11.968017578125 96.2128664817425 283353
4180 244.8 13.969396753248832 2.135737567904709 5052.9150390625 11.968017578125 95.49349138140722 285860
4190 252.3 13.814236852983798 0.7434013443401336 5052.9150390625 11.968017578125 94.80127686203998 288308
4200 237.2 13.987380235231335 2.5130784200431613 5052.9150390625 11.968017578125 94.0987028519006 290831
4210 6.5 15.441023137019231 4.517830318654512 5052.9150390625 11.968017578125 93.45060560444153 293203
4220 0 0 0 5052.9150390625 11.968017578125 93.4333155391757 293268
4230 0 0 0 5052.9150390625 11.968017578125 93.4333155391757 293268
4240 0 0 0 5052.9150390625 11.968017578125 93.4333155391757 293268
4250 0 0 0 5052.9150390625 11.968017578125 93.4333155391757 293268
4260 0 0 0 5052.9150390625 11.968017578125 93.4333155391757 293268
4260 0 0 0 5052.9150390625 11.968017578125 93.4333155391757 293268
