10 0 0
20 1 1
30 0 -1
40 1 1
50 0 -1
60 1 1
70 0 -1
80 0 0
90 1 1
100 0 -1
110 0 0
120 0 0
130 2 2
140 1 -1
150 0 -1
160 1 1
170 1 0
180 0 -1
190 0 0
200 0 0
210 0 0
220 2 2
230 0 -2
240 0 0
250 0 0
260 0 0
270 2 2
280 0 -2
290 0 0
300 0 0
310 0 0
320 0 0
330 0 0
340 0 0
350 1 1
360 1 0
370 1 0
380 0 -1
390 1 1
400 0 -1
410 0 0
420 1 1
430 3 2
440 1 -2
450 0 -1
460 0 0
470 0 0
480 0 0
490 0 0
500 0 0
510 1 1
520 1 0
530 0 -1
540 1 1
550 1 0
560 1 0
570 2 1
580 0 -2
590 0 0
600 0 0
610 0 0
620 0 0
630 0 0
640 1 1
650 0 -1
660 0 0
670 3 3
680 3 0
690 1 -2
700 0 -1
710 0 0
720 1 1
730 1 0
740 1 0
750 0 -1
760 0 0
770 0 0
780 1 1
790 1 0
800 0 -1
810 0 0
820 0 0
830 1 1
840 0 -1
850 1 1
860 1 0
870 0 -1
880 1 1
890 0 -1
900 1 1
910 1 0
920 5 4
930 0 -5
940 0 0
950 1 1
960 0 -1
970 2 2
980 0 -2
990 1 1
1000 2 1
1010 3 1
1020 1 -2
1030 0 -1
1040 0 0
1050 1 1
1060 0 -1
1070 1 1
1080 3 2
1090 2 -1
1100 1 -1
1110 1 0
1120 0 -1
1130 0 0
1140 1 1
1150 2 1
1160 1 -1
1170 1 0
1180 0 -1
1190 0 0
1200 0 0
1210 2 2
1220 0 -2
1230 5 5
1240 1 -4
1250 1 0
1260 0 -1
1270 3 3
1280 5 2
1290 2 -3
1300 0 -2
1310 2 2
1320 2 0
1330 1 -1
1340 3 2
1350 2 -1
1360 1 -1
1370 2 1
1380 0 -2
1390 1 1
1400 1 0
1410 3 2
1420 2 -1
1430 0 -2
1440 1 1
1450 3 2
1460 0 -3
1470 2 2
1480 4 2
1490 1 -3
1500 2 1
1510 2 0
1520 2 0
1530 4 2
1540 1 -3
1550 1 0
1560 1 0
1570 3 2
1580 2 -1
1590 1 -1
1600 2 1
1610 1 -1
1620 1 0
1630 0 -1
1640 1 1
1650 0 -1
1660 1 1
1670 1 0
1680 6 5
1690 3 -3
1700 2 -1
1710 1 -1
1720 0 -1
1730 0 0
1740 5 5
1750 0 -5
1760 3 3
1770 0 -3
1780 2 2
1790 2 0
1800 5 3
1810 1 -4
1820 0 -1
1830 1 1
1840 6 5
1850 3 -3
1860 6 3
1870 4 -2
1880 5 1
1890 6 1
1900 4 -2
1910 2 -2
1920 2 0
1930 4 2
1940 1 -3
1950 2 1
1960 3 1
1970 3 0
1980 6 3
1990 3 -3
2000 4 1
2010 3 -1
2020 2 -1
2030 3 1
2040 3 0
2050 5 2
2060 4 -1
2070 3 -1
2080 3 0
2090 4 1
2100 3 -1
2110 3 0
2120 3 0
2130 3 0
2140 4 1
2150 2 -2
2160 1 -1
2170 2 1
2180 5 3
2190 2 -3
2200 0 -2
2210 1 1
2220 5 4
2230 1 -4
2240 1 0
2250 5 4
2260 2 -3
2270 3 1
2280 2 -1
2290 4 2
2300 10 6
2310 6 -4
2320 2 -4
2330 2 0
2340 2 0
2350 5 3
2360 2 -3
2370 6 4
2380 3 -3
2390 7 4
2400 4 -3
2410 6 2
2420 16 10
2430 4 -12
2440 13 9
2450 216 203
2460 7 -209
2470 14 7
2480 8 -6
2490 5 -3
2500 8 3
2510 11 3
2520 7 -4
2530 9 2
2540 8 -1
2550 7 -1
2560 11 4
2570 7 -4
2580 9 2
2590 9 0
2600 8 -1
2610 9 1
2620 5 -4
2630 9 4
2640 11 2
2650 5 -6
2660 8 3
2670 8 0
2680 9 1
2690 4 -5
2700 11 7
2710 11 0
2720 0 -11
2730 12 12
2740 10 -2
2750 8 -2
2760 8 0
2770 4 -4
2780 10 6
2790 6 -4
2800 5 -1
2810 8 3
2820 6 -2
2830 7 1
2840 7 0
2850 10 3
2860 10 0
2870 14 4
2880 10 -4
2890 7 -3
2900 9 2
2910 14 5
2920 10 -4
2930 12 2
2940 5 -7
2950 9 4
2960 5 -4
2970 4 -1
2980 8 4
2990 321 313
3000 6 -315
3010 69 63
3020 130 61
3030 396 266
3040 396 0
3050 392 -4
3060 390 -2
3070 393 3
3080 380 -13
3090 390 10
3100 394 4
3110 401 7
3120 392 -9
3130 330 -62
3140 400 70
3150 401 1
3160 396 -5
3170 398 2
3180 389 -9
3190 396 7
3200 401 5
3210 395 -6
3220 399 4
3230 394 -5
3240 103 -291
3250 393 290
3260 392 -1
3270 393 1
3280 397 4
3290 387 -10
3300 403 16
3310 396 -7
3320 401 5
3330 386 -15
3340 74 -312
3350 22 -52
3360 27 5
3370 27 0
3380 8 -19
3390 29 21
3400 16 -13
3410 0 -16
3420 23 23
3430 15 -8
3440 13 -2
3450 23 10
3460 16 -7
3470 22 6
3480 0 -22
3490 35 35
3500 11 -24
3510 13 2
3520 17 4
3530 0 -17
3540 25 25
3550 18 -7
3560 11 -7
3570 13 2
3580 9 -4
3590 12 3
3600 9 -3
3610 232 223
3620 384 152
3630 701 317
3640 0 -701
3650 735 735
3660 736 1
3670 722 -14
3680 726 4
3690 727 1
3700 722 -5
3710 732 10
3720 735 3
3730 732 -3
3740 722 -10
3750 596 -126
3760 734 138
3770 729 -5
3780 724 -5
3790 325 -399
3800 22 -303
3810 98 76
3820 334 236
3830 420 86
3840 499 79
3850 721 222
3860 788 67
3870 651 -137
3880 804 153
3890 608 -196
3900 788 180
3910 794 6
3920 790 -4
3930 789 -1
3940 780 -9
3950 801 21
3960 795 -6
3970 668 -127
3980 39 -629
3990 23 -16
4000 112 89
4010 313 201
4020 437 124
4030 801 364
4040 768 -33
4050 312 -456
4060 27 -285
4070 42 15
4080 32 -10
4090 34 2
4100 817 783
4110 515 -302
4120 17 -498
4130 33 16
4140 29 -4
4150 32 3
4160 41 9
4170 32 -9
4180 40 8
4190 36 -4
4200 24 -12
4210 0 -24
4220 0 0
4230 0 0
4240 0 0
4250 0 0
4260 0 0
4260 0 0
