3750 15.9 159
3760 0 159
3770 32.3 482
3780 2.9 511
3790 0 511
3800 0 511
3810 9 601
3820 0 601
3830 9.4 695
3840 8.8 783
3850 0 783
3860 0 783
3870 14.7 930
3880 0 930
3890 28.3 1213
3900 4.4 1257
3910 0 1257
3920 0 1257
3930 0 1257
3940 0 1257
3950 0 1257
3960 0 1257
3970 0 1257
3980 0 1257
3990 22.1 1478
4000 0 1478
4010 26.4 1742
4020 20.7 1949
4030 0 1949
4040 0 1949
4050 13.9 2088
4060 0 2088
4070 5.3 2141
4080 0 2141
4090 0 2141
4100 0 2141
4110 0 2141
4120 0 2141
4130 0 2141
4140 20.4 2345
4150 0 2345
4160 8 2425
4170 0 2425
4180 0 2425
4190 0 2425
4200 0 2425
4210 0 2425
4220 0 2425
4230 0 2425
4240 0 2425
4250 0 2425
4260 0 2425
4260 0 2425
