3650 22.6 226
3660 0 226
3670 0 226
3680 0 226
3690 0 226
3700 0 226
3710 0 226
3720 0 226
3730 0 226
3740 0 226
3750 0 226
3760 0 226
3770 0 226
3780 0 226
3790 0 226
3800 29.4 520
3810 0 520
3820 0 520
3830 0 520
3840 0 520
3850 0 520
3860 0 520
3870 0 520
3880 0 520
3890 0 520
3900 0 520
3910 26 780
3920 1 790
3930 0 790
3940 0 790
3950 0 790
3960 0 790
3970 0 790
3980 29.1 1081
3990 0 1081
4000 0 1081
4010 0 1081
4020 0 1081
4030 2.2 1103
4040 29 1393
4050 0 1393
4060 0 1393
4070 0 1393
4080 0 1393
4090 0 1393
4100 24.1 1634
4110 0 1634
4120 0 1634
4130 0 1634
4140 0 1634
4150 0 1634
4160 0 1634
4170 0 1634
4180 0 1634
4190 0 1634
4200 0 1634
4210 0 1634
4220 0 1634
4230 0 1634
4240 0 1634
4250 0 1634
4260 0 1634
4260 0 1634
