0 0 0
10 3.7 37
20 4.4 81
30 3.9 120
40 4.1 161
50 3.1 192
60 5.2 244
70 4.5 289
80 4.2 331
90 4.8 379
100 3.4 413
110 3.4 447
120 2.4 471
130 3.8 509
140 2.9 538
150 3.9 577
160 3.2 609
170 5 659
180 3.3 692
190 3.5 727
200 4.7 774
210 4 814
220 2.6 840
230 4.1 881
240 3.8 919
250 3 949
260 3.5 984
270 4.2 1026
280 5.3 1079
290 3.1 1110
300 3.9 1149
310 4.4 1193
320 4.3 1236
330 4 1276
340 3.3 1309
350 4.5 1354
360 4.7 1401
370 3.5 1436
380 3.1 1467
390 6.4 1531
400 4 1571
410 5.1 1622
420 4 1662
430 4.9 1711
440 5 1761
450 4 1801
460 3.5 1836
470 4 1876
480 4.9 1925
490 4.8 1973
500 3.7 2010
510 3 2040
520 3.9 2079
530 3.9 2118
540 4.2 2160
550 4.1 2201
560 4.9 2250
570 5.7 2307
580 5.1 2358
590 4.1 2399
600 0.1 2400
610 7.5 2475
620 7 2545
630 6.7 2612
640 8 2692
650 7.3 2765
660 8.2 2847
670 9.4 2941
680 7.5 3016
690 9.4 3110
700 7.8 3188
710 6.8 3256
720 7.4 3330
730 8.9 3419
740 8.6 3505
750 9.3 3598
760 9 3688
770 7.8 3766
780 7.5 3841
790 8.7 3928
800 6.2 3990
810 8 4070
820 9 4160
830 8.6 4246
840 8.2 4328
850 7.7 4405
860 10.2 4507
870 7.6 4583
880 8.4 4667
890 10.1 4768
900 9.9 4867
910 7.3 4940
920 7.2 5012
930 8.7 5099
940 9 5189
950 7.9 5268
960 7.5 5343
970 8.4 5427
980 8.2 5509
990 8.7 5596
1000 7.5 5671
1010 9.6 5767
1020 6 5827
1030 9.7 5924
1040 8.4 6008
1050 9.3 6101
1060 7.2 6173
1070 7.3 6246
1080 8.8 6334
1090 9.2 6426
1100 7.1 6497
1110 8.4 6581
1120 8.8 6669
1130 7.8 6747
1140 7.7 6824
1150 8.3 6907
1160 10 7007
1170 6.9 7076
1180 9 7166
1190 3.4 7200
1200 0 7200
1210 16.5 7365
1220 15.8 7523
1230 17.1 7694
1240 17 7864
1250 14.2 8006
1260 15.9 8165
1270 15.2 8317
1280 15 8467
1290 15.6 8623
1300 15.4 8777
1310 16.5 8942
1320 14 9082
1330 14.6 9228
1340 15.9 9387
1350 16.7 9554
1360 19.1 9745
1370 15.2 9897
1380 18.5 10082
1390 13.9 10221
1400 16.3 10384
1410 13.5 10519
1420 17.1 10690
1430 14.4 10834
1440 16.4 10998
1450 17.2 11170
1460 15.8 11328
1470 14.8 11476
1480 15.6 11632
1490 15.1 11783
1500 17.8 11961
1510 15 12111
1520 14.4 12255
1530 17.6 12431
1540 17.7 12608
1550 15.9 12767
1560 15.9 12926
1570 16.1 13087
1580 16.4 13251
1590 15.1 13402
1600 17.6 13578
1610 16.7 13745
1620 14.3 13888
1630 14.2 14030
1640 13.9 14169
1650 17.1 14340
1660 16.8 14508
1670 17.6 14684
1680 16.3 14847
1690 16.4 15011
1700 12.4 15135
1710 14.6 15281
1720 14.5 15426
1730 16.1 15587
1740 15 15737
1750 16.8 15905
1760 17.5 16080
1770 15.4 16234
1780 16.7 16401
1790 16 16561
1800 15.8 16719
1810 28.6 17005
1820 32.3 17328
1830 27.9 17607
1840 31.4 17921
1850 33.2 18253
1860 33.8 18591
1870 31.3 18904
1880 28.8 19192
1890 31.8 19510
1900 28.3 19793
1910 27.8 20071
1920 30.2 20373
1930 33.1 20704
1940 30.4 21008
1950 28.1 21289
1960 36 21649
1970 28.9 21938
1980 29.1 22229
1990 30.7 22536
2000 35 22886
2010 30 23186
2020 32.1 23507
2030 31.7 23824
2040 33.9 24163
2050 32.8 24491
2060 32.6 24817
2070 34.6 25163
2080 27.7 25440
2090 32.3 25763
2100 31.7 26080
2110 33.2 26412
2120 34.2 26754
2130 32.5 27079
2140 28.8 27367
2150 29.8 27665
2160 32.2 27987
2170 31.8 28305
2180 31.6 28621
2190 31.5 28936
2200 30.6 29242
2210 32.3 29565
2220 28.8 29853
2230 30.9 30162
2240 29 30452
2250 32.2 30774
2260 29.5 31069
2270 31.3 31382
2280 31.5 31697
2290 32.7 32024
2300 34.1 32365
2310 32.8 32693
2320 28.6 32979
2330 29.1 33270
2340 33.5 33605
2350 33.9 33944
2360 29.9 34243
2370 33.7 34580
2380 29.6 34876
2390 33.1 35207
2400 30.2 35509
2410 62.5 36134
2420 65.5 36789
2430 61.2 37401
2440 62.6 38027
2450 44.3 38470
2460 84.8 39318
2470 62.2 39940
2480 61.9 40559
2490 62.1 41180
2500 64.1 41821
2510 62.5 42446
2520 63.6 43082
2530 62.9 43711
2540 64.3 44354
2550 64.7 45001
2560 62.5 45626
2570 64.9 46275
2580 62.4 46899
2590 55.8 47457
2600 59.6 48053
2610 63 48683
2620 62.8 49311
2630 62.1 49932
2640 68.2 50614
2650 61.6 51230
2660 66.6 51896
2670 57.9 52475
2680 61.3 53088
2690 66.2 53750
2700 62.8 54378
2710 68.3 55061
2720 33.8 55399
2730 88.3 56282
2740 65 56932
2750 62.4 57556
2760 62.9 58185
2770 61.6 58801
2780 62.3 59424
2790 64.7 60071
2800 61.1 60682
2810 62.5 61307
2820 62.3 61930
2830 61.4 62544
2840 62.4 63168
2850 69.3 63861
2860 64.4 64505
2870 58.3 65088
2880 63.6 65724
2890 64.2 66366
2900 62.3 66989
2910 63.1 67620
2920 62.9 68249
2930 61.5 68864
2940 62.5 69489
2950 62 70109
2960 65.4 70763
2970 62.7 71390
2980 59.5 71985
2990 33.6 72321
3000 92.9 73250
3010 110.8 74358
3020 116.7 75525
3030 99.1 76516
3040 126 77776
3050 124.7 79023
3060 123.8 80261
3070 125.6 81517
3080 126.4 82781
3090 116.9 83950
3100 124.8 85198
3110 124.4 86442
3120 123.7 87679
3130 124.2 88921
3140 125.3 90174
3150 128 91454
3160 128.1 92735
3170 131.4 94049
3180 132.1 95370
3190 117.6 96546
3200 124.5 97791
3210 123.6 99027
3220 124.6 100273
3230 122.3 101496
3240 121.7 102713
3250 127.1 103984
3260 121.7 105201
3270 121.6 106417
3280 132.1 107738
3290 120.1 108939
3300 121.7 110156
3310 121.7 111373
3320 124.1 112614
3330 123.6 113850
3340 146.8 115318
3350 126.8 116586
3360 126 117846
3370 119.3 119039
3380 126.9 120308
3390 124.9 121557
3400 123.1 122788
3410 119.9 123987
3420 125.9 125246
3430 123.3 126479
3440 121.6 127695
3450 119.4 128889
3460 123.2 130121
3470 121.6 131337
3480 100.3 132340
3490 148.7 133827
3500 121.9 135046
3510 126.5 136311
3520 121.6 137527
3530 85.5 138382
3540 162.7 140009
3550 129.1 141300
3560 125.5 142555
3570 119.2 143747
3580 129.5 145042
3590 122.1 146263
3600 125.4 147517
3610 213.4 149651
3620 212.8 151779
3630 215.1 153930
3640 193.2 155862
3650 269.7 158559
3660 275.8 161317
3670 240.7 163724
3680 248.3 166207
3690 240.7 168614
3700 246.5 171079
3710 245.1 173530
3720 242 175950
3730 245.3 178403
3740 243.9 180842
3750 234.3 183185
3760 250.1 185686
3770 205.9 187745
3780 271.2 190457
3790 239.2 192849
3800 299.2 195841
3810 256.8 198409
3820 233.3 200742
3830 222.8 202970
3840 231.3 205283
3850 232.2 207605
3860 232.4 209929
3870 240.5 212334
3880 245.2 214786
3890 224.7 217033
3900 254 219573
3910 226.2 221835
3920 264.6 224481
3930 241.7 226898
3940 241.6 229314
3950 239.9 231713
3960 246 234173
3970 234.7 236520
3980 315.7 239677
3990 246.6 242143
4000 273.3 244876
4010 173.4 246610
4020 219.3 248803
4030 244.4 251247
4040 218 253427
4050 302 256447
4060 275.1 259198
4070 227.7 261475
4080 250.8 263983
4090 244.6 266429
4100 148 267909
4110 311.1 271020
4120 286 273880
4130 243.6 276316
4140 203.9 278355
4150 263.2 280987
4160 235.5 283342
4170 250.5 285847
4180 243 288277
4190 253 290807
4200 237.6 293183
4210 8.5 293268
4220 0 293268
4230 0 293268
4240 0 293268
4250 0 293268
4260 0 293268
4260 0 293268
