10 3.5 114.11767578125 13.080259356065776 149.89794921875 96.220947265625 0 0
20 4.5 116.61711697048611 13.825410184933938 155.174072265625 96.220947265625 114.11767578125 35
30 3.9 113.75064478165064 13.503806649768041 169.77001953125 96.220947265625 115.52361145019532 80
40 4 112.79136352539062 10.113882088063184 169.77001953125 96.220947265625 114.94255514705883 119
50 3 123.82027180989584 29.042251929562884 249.01806640625 96.220947265625 114.40137486487815 159
60 5.2 115.60789137620192 10.276353687362437 249.01806640625 96.220947265625 115.89643787202381 189
70 4.7 114.32147606382979 10.689337090543939 249.01806640625 96.220947265625 115.83417887707469 241
80 4.2 118.45046851748512 13.991947332587468 249.01806640625 96.220947265625 115.58731418185764 288
90 4.8 119.0719502766927 21.795374372055594 249.01806640625 96.220947265625 115.95171564275569 330
100 3.5 114.50416434151786 11.240180466054603 249.01806640625 96.220947265625 116.34793591373182 378
110 3.3 118.61335523200758 14.223083900426692 249.01806640625 96.220947265625 116.19168408557809 413
120 2.4 114.078369140625 10.695622345156432 249.01806640625 96.220947265625 116.37086603139014 446
130 3.7 115.95088154560811 13.663489379817833 249.01806640625 96.220947265625 116.25380236037235 470
140 3 115.94840494791667 16.95277396198537 249.01806640625 95.69091796875 116.23169571314102 507
150 4 122.60441284179687 16.16519783861437 249.01806640625 95.69091796875 116.21586941340782 537
160 3.1 114.55663274949596 12.939020160953913 249.01806640625 95.69091796875 116.65874937378142 577
170 5 137.35649902343755 58.70097591691811 394.462158203125 95.69091796875 116.55156908537212 608
180 3.4 117.7155402688419 15.18508853355663 394.462158203125 95.69091796875 118.13249081318864 658
190 3.5 115.67318638392857 13.309131016043116 394.462158203125 95.69091796875 118.11200480378432 692
200 4.7 116.55026180186171 13.786332844633716 394.462158203125 95.512939453125 117.9945926377665 727
210 4 120.50186767578126 25.26385509249352 394.462158203125 95.512939453125 117.90688779372577 774
220 2.6 115.57007774939903 11.686581583880786 394.462158203125 95.512939453125 118.03440523264742 814
230 4.1 118.26872737233232 14.838868736242103 394.462158203125 95.512939453125 117.9581284295945 840
240 3.7 119.3545119826858 12.858813828559933 394.462158203125 95.512939453125 117.9725830909478 881
250 2.9 114.98767510775862 11.828065271351553 394.462158203125 95.512939453125 118.02828174998298 918
260 3.7 115.25183435388513 11.684528682234852 394.462158203125 95.512939453125 117.93516919177337 947
270 3.8 119.87983141447368 14.500154921829727 394.462158203125 95.512939453125 117.8342714387227 984
280 5.4 123.15157063802086 41.80178989869496 394.462158203125 95.512939453125 117.91032944173496 1022
290 3.3 117.52597508285984 21.92514457099226 394.462158203125 95.512939453125 118.17336570995005 1076
300 4 117.6360595703125 14.584234614561993 394.462158203125 95.512939453125 118.15410160652897 1109
310 4.3 117.92506018350291 12.901411806012028 394.462158203125 95.512939453125 118.13606707089045 1149
320 4.3 117.62025912972383 13.46368985216117 394.462158203125 95.512939453125 118.12845524525483 1192
330 3.9 113.83653220152243 10.885162785722727 394.462158203125 95.512939453125 118.11076096754807 1235
340 3.4 116.59830968520221 10.734704273274764 394.462158203125 95.512939453125 117.9799172298126 1274
350 4.5 122.91990017361111 29.235427878662353 394.462158203125 95.512939453125 117.94400388385178 1308
360 4.6 117.15889308763587 11.214544871890325 394.462158203125 95.512939453125 118.1094993258615 1353
370 3.6 116.29291449652777 15.429495261357394 394.462158203125 95.512939453125 118.07824279479762 1399
380 3.1 115.56112966229838 11.612817538931862 394.462158203125 95.512939453125 118.03345407093859 1435
390 6.4 121.34814071655273 17.32814793178312 394.462158203125 95.512939453125 117.9811743597054 1466
400 4.1 116.6068800019055 15.13792150936229 394.462158203125 95.512939453125 118.12201478247549 1530
410 5.1 117.51634306066177 23.312597504555693 394.462158203125 95.512939453125 118.08247275446571 1571
420 3.9 117.73867563100961 13.667347391671859 394.462158203125 95.512939453125 118.06467212907484 1622
430 4.7 116.77987346243351 13.93171596902878 394.462158203125 95.512939453125 118.05701778625452 1661
440 5.2 120.2078106219952 17.495137352849248 394.462158203125 95.512939453125 118.02187388507208 1708
450 4.1 116.27195479230183 10.589478002708884 394.462158203125 95.512939453125 118.0864583795721 1760
460 3.5 117.25149274553571 14.332381298704936 394.462158203125 95.512939453125 118.04515096864588 1801
470 4 116.59847412109374 10.771385232332541 394.462158203125 95.512939453125 118.03002131842321 1836
480 4.9 115.44067881058673 11.0149772836233 394.462158203125 95.512939453125 117.99949792402386 1876
490 4.8 119.01909891764323 13.227607430150975 394.462158203125 95.512939453125 117.93436434659091 1925
500 3.7 118.47306535050676 13.333632293126339 394.462158203125 95.512939453125 117.96075423985523 1973
510 2.9 113.4199639682112 10.458950592897095 394.462158203125 95.512939453125 117.97018484238961 2010
520 3.9 118.05752328725961 10.680353341025272 394.462158203125 95.512939453125 117.90546860631744 2039
530 4 121.16256713867188 16.95774622503155 394.462158203125 95.512939453125 117.90832237559403 2078
540 3.8 112.4543392783717 10.289433411147064 394.462158203125 95.512939453125 117.96978120020361 2118
550 4.4 114.41357976740056 14.419815213906537 394.462158203125 95.512939453125 117.87257025723997 2156
560 4.8 116.97107442220052 13.918519287647262 394.462158203125 95.512939453125 117.80339044744318 2200
570 5.6 117.99687848772321 19.792160453937214 394.462158203125 95.512939453125 117.78561857501808 2248
580 5.4 116.43113425925925 15.76731405628379 394.462158203125 95.512939453125 117.79075336456299 2304
590 4.1 121.24537919207317 18.06605494088986 394.462158203125 95.512939453125 117.75961704917435 2358
600 0.1 104.10205078125 0.0 394.462158203125 95.512939453125 117.81919030797337 2399
610 7.4 117.08529745565879 13.939139259618422 394.462158203125 95.512939453125 117.81347483317057 2400
620 6.9 120.3061275758605 16.00834196608401 394.462158203125 95.512939453125 117.79169426488606 2474
630 6.9 122.42047738337862 15.39747542959355 394.462158203125 95.512939453125 117.8599191561394 2543
640 7.7 118.48893757609578 13.092137543076086 394.462158203125 95.512939453125 117.98039332064151 2612
650 7.6 120.61673455489309 21.10456241829285 394.462158203125 95.512939453125 117.99495557711975 2689
660 8.2 114.91823670922255 10.55163710151924 394.462158203125 95.512939453125 118.06701894142743 2765
670 9.1 117.10085690676512 14.54471178434678 394.462158203125 95.512939453125 117.97632693473942 2847
680 7.5 116.25915364583334 14.929715212595369 394.462158203125 95.512939453125 117.94921060643932 2938
690 9.6 117.1104024251302 13.684541445845142 394.462158203125 95.20703125 117.90714148196358 3013
700 7.9 118.11747490605221 14.451216545356807 394.462158203125 95.20703125 117.88253969699863 3109
710 6.8 119.41124052159927 19.446525700027543 394.462158203125 95.20703125 117.88836149170228 3188
720 7.3 116.8812172249572 11.862546796502953 394.462158203125 95.20703125 117.92016609060677 3256
730 9 116.28501790364584 12.068014524461145 394.462158203125 95.20703125 117.89738349307224 3329
740 8.4 117.69749813988095 12.708450641223068 394.462158203125 95.20703125 117.8549404094079 3419
750 9.1 116.74732250171704 12.961072971970253 394.462158203125 95.20703125 117.85116503097791 3503
760 9.1 116.70789513221153 13.248339050338458 394.462158203125 95.20703125 117.82321576270782 3594
770 7.5 122.91342122395834 29.815428762753978 394.462158203125 95.20703125 117.7956732451026 3685
780 8 122.34750366210938 18.353870364319366 394.462158203125 95.20703125 117.89775598404255 3760
790 8.2 117.85964593654725 15.495812336833476 394.462158203125 95.20703125 117.99045906066894 3840
800 6.3 116.56525530133929 11.006471433154594 394.462158203125 95.20703125 117.98772405909374 3922
810 8.3 115.32647778614458 12.750571296909516 394.462158203125 95.20703125 117.9652358453576 3985
820 8.7 118.87929350754311 12.740877276199356 394.462158203125 95.20703125 117.91139687807276 4068
830 8.7 122.65806562051006 25.116429479095945 394.462158203125 95.20703125 117.93166330569345 4155
840 8.2 116.52211556783537 12.841201773925532 394.462158203125 95.20703125 118.02859800663381 4242
850 8 114.77666931152343 11.551418785600829 394.462158203125 95.20703125 118.0000291907269 4324
860 10.1 119.73557878248762 14.482148075042954 394.462158203125 95.20703125 117.94147587775318 4404
870 7.7 118.70013824066558 18.666018310740103 394.462158203125 95.20703125 117.98169882855855 4505
880 8.3 114.525681828878 12.241683594488668 394.462158203125 95.20703125 117.99377212291303 4582
890 10.2 125.63357603783699 31.610400447215834 394.462158203125 95.20703125 117.93206762250469 4665
900 9.8 116.75019182477679 14.300097200286084 394.462158203125 95.20703125 118.09685760747719 4767
910 7.4 116.10952016469595 11.98392247014804 394.462158203125 95.20703125 118.06973052696236 4865
920 6.8 118.99579934512867 14.06556415818395 394.462158203125 95.20703125 118.04036110667329 4939
930 9.2 119.04436725118886 13.899240869492427 394.462158203125 95.20703125 118.05333690060478 5007
940 9 115.96920301649305 13.549585402456042 394.462158203125 95.20703125 118.07121781691264 5099
950 7.8 122.22112254607372 17.744746217422946 394.462158203125 95.20703125 118.03475966851452 5189
960 7.6 116.26612934313323 20.020373847058654 394.462158203125 95.20703125 118.09675630881253 5267
970 8.3 116.07700430628765 14.744654988699251 394.462158203125 95.20703125 118.07071707067074 5343
980 8.3 115.45709007906626 11.614112209932145 394.462158203125 95.20703125 118.04021980575297 5426
990 8.4 118.9422113327753 14.691891606836457 394.462158203125 95.20703125 118.00130171402762 5509
1000 7.2 116.28461371527777 16.06989943282095 394.462158203125 95.20703125 118.01543302244436 5593
1010 9.6 118.95094553629558 18.664960888360582 394.462158203125 95.20703125 117.99343496593667 5665
1020 6.3 120.03696986607143 15.959796479330887 394.462158203125 95.20703125 118.009390705349 5761
1030 10 116.5809423828125 14.347845121051668 394.462158203125 95.20703125 118.03132365300105 5824
1040 8 117.75413513183594 13.91121211863005 394.462158203125 95.20703125 118.00684051204581 5924
1050 9.5 115.82958470394736 13.635782982113705 394.462158203125 95.20703125 118.00347335174988 6004
1060 7.3 117.0793891802226 16.425546326065675 394.462158203125 95.20703125 117.96961215785888 6099
1070 7.1 132.537353515625 47.41101082001155 394.462158203125 95.20703125 117.95908294895293 6172
1080 8.7 115.66723352191092 12.60377692072672 394.462158203125 95.20703125 118.12487779281545 6243
1090 9.3 114.95074397261425 13.82497658495201 394.462158203125 95.20703125 118.09109974359448 6330
1100 7.3 117.08432215860445 15.511162867213582 394.462158203125 95.20703125 118.04562985620524 6423
1110 8 116.02652893066406 11.246556633114576 394.462158203125 95.20703125 118.03482698337199 6496
1120 9.3 118.28472834761425 13.975348573944132 394.462158203125 95.20703125 118.01039513358235 6576
1130 7.8 123.96954502203526 26.076610516269415 394.462158203125 95.20703125 118.0142207429548 6669
1140 7.6 115.93427798622533 12.252383851535939 394.462158203125 95.20703125 118.08306842248174 6747
1150 8.2 116.75245033822408 12.490183900191704 394.462158203125 95.20703125 118.05913348577423 6823
1160 10 116.17947265625 13.733691632768364 394.462158203125 95.20703125 118.04361603203068 6905
1170 7 127.11674455915178 35.43766776103803 394.462158203125 95.20703125 118.0170044206705 7005
1180 9.1 117.69703758155907 12.39729340486686 394.462158203125 95.20703125 118.10703718529152 7075
1190 3.4 118.39467486213235 20.52049232420603 394.462158203125 95.20703125 118.10183065948358 7166
1200 0 0 0 394.462158203125 95.20703125 118.10321353488499 7200
1210 16.4 121.27004930449695 15.872346912328219 394.462158203125 95.20703125 118.10321353488499 7200
1220 15.9 118.447658706761 16.124997941189285 394.462158203125 95.20703125 118.17374056723375 7364
1230 17.1 119.68900053682383 15.566311036725233 394.462158203125 95.20703125 118.17952987790568 7523
1240 16.3 117.49280159605061 14.697965038340978 394.462158203125 94.993896484375 118.21307803005995 7694
1250 14.3 122.67185451267483 23.11316335083823 394.462158203125 94.993896484375 118.19813529635198 7857
1260 15.9 117.03849590949292 12.601752843943983 394.462158203125 94.993896484375 118.27810302734375 8000
1270 14.8 120.4055654164907 16.256133137265948 394.462158203125 94.993896484375 118.25394595763689 8159
1280 15 119.50357096354166 16.375758313379936 394.462158203125 94.993896484375 118.29227985433971 8307
1290 16 117.61563568115234 14.453107755298811 394.462158203125 94.993896484375 118.31376426564162 8457
1300 15.7 118.70433170780255 13.465433332970623 394.462158203125 94.993896484375 118.30080145102885 8617
1310 16.4 122.05329262338033 21.380439683276833 394.462158203125 94.993896484375 118.308022131484 8774
1320 14 118.6284197126116 15.060289127812734 394.462158203125 94.993896484375 118.37674269096834 8938
1330 14.8 118.47864429370777 14.685295018038511 394.462158203125 94.993896484375 118.38062402860108 9078
1340 15.5 115.64562279485887 12.910324754462728 394.462158203125 94.830078125 118.38219643259369 9226
1350 17.1 119.10230491593568 16.17178964169309 394.462158203125 94.830078125 118.33698068652728 9381
1360 18.9 118.39800993096891 15.73306629543409 394.462158203125 94.830078125 118.35068152857386 9552
1370 15.2 121.70326795076069 28.39072943963787 394.462158203125 94.830078125 118.35159981910385 9741
1380 18.5 119.63037241342906 16.1162046799086 394.462158203125 94.830078125 118.403096185829 9893
1390 14 117.88801443917411 15.743720568378524 394.462158203125 94.830078125 118.42562507073731 10078
1400 16.4 120.07045094559832 17.005521835289617 394.462158203125 94.830078125 118.41825910005628 10218
1410 13.3 123.33973911830357 15.633619655282777 394.462158203125 94.830078125 118.44435806583058 10382
1420 17.2 119.59928148846294 14.893835917133563 394.462158203125 94.830078125 118.5062777691096 10515
1430 14.6 122.04546199432791 22.771531679662246 394.462158203125 94.830078125 118.52386892095097 10687
1440 16.4 117.38989704411205 14.388784348397918 394.462158203125 94.830078125 118.57133062026908 10833
1450 17.1 124.52942965323467 27.889621330050268 394.462158203125 94.830078125 118.55371171452299 10997
1460 16 117.25989990234375 13.266285967838966 394.462158203125 94.830078125 118.64520954470922 11168
1470 14.7 116.3903194090136 14.991790194199725 394.462158203125 94.830078125 118.62564302433682 11328
1480 15.7 115.31461173865446 13.369724721604031 394.462158203125 94.830078125 118.59700750612745 11475
1490 14.6 122.34898230147688 19.230125616436126 394.462158203125 94.830078125 118.55270419324117 11632
1500 17.6 121.14936273748225 18.25354308852522 394.462158203125 94.830078125 118.59976282830675 11778
1510 14.7 122.7718962585034 21.061810684571334 394.462158203125 94.830078125 118.63730085608113 11954
1520 14.7 117.111465973108 14.115539505200566 394.462158203125 94.830078125 118.6875269137752 12101
1530 17.4 117.44505152209052 12.98319004853843 394.462158203125 94.830078125 118.66861109419013 12248
1540 17.9 118.30154231407123 15.654876468615798 394.462158203125 94.72314453125 118.65147219823574 12422
1550 15.8 119.54541633702532 16.243179623934697 394.462158203125 94.72314453125 118.646501366614 12601
1560 16 117.9130874633789 14.299074055716883 394.462158203125 94.72314453125 118.65763300430702 12759
1570 16.2 118.31945348668981 15.255605114819392 394.462158203125 94.72314453125 118.64841191238438 12919
1580 16.5 120.64159416429925 14.63323136650027 394.462158203125 94.72314453125 118.64433796811693 13081
1590 15.4 119.86830991274351 18.322247791807346 394.462158203125 94.72314453125 118.66921697101365 13246
1600 17.5 118.097919921875 15.390328378043128 394.462158203125 94.72314453125 118.68299759138876 13400
1610 16.5 121.1392060250947 23.149028938279862 394.462158203125 94.72314453125 118.67545515366022 13575
1620 14.5 117.59556842672414 12.917218041299039 394.462158203125 94.72314453125 118.70504168159229 13740
1630 14.2 120.54270397777289 15.754187026910914 394.462158203125 94.72314453125 118.6934555366909 13885
1640 14.1 118.30069813829788 15.445831961129556 394.462158203125 94.72314453125 118.71217609551557 14027
1650 17.1 117.91161395513524 14.742184839934817 394.462158203125 94.72314453125 118.7080810650266 14168
1660 16.6 118.73239246046687 14.649957762015676 394.462158203125 94.72314453125 118.69858278231571 14339
1670 17.8 131.98953761411516 53.831828695402415 496.335205078125 94.72314453125 118.69896971141416 14505
1680 15.8 121.46914556962025 21.779510229381774 496.335205078125 94.72314453125 118.860089447618 14683
1690 16.7 122.19503473521706 20.622658229017777 496.335205078125 94.72314453125 118.88786593621555 14841
1700 12.5 119.021611328125 17.40415029306382 496.335205078125 94.72314453125 118.92466612207865 15008
1710 14.7 117.63888944249575 14.191742700698493 496.335205078125 94.72314453125 118.92546689857741 15133
1720 14.6 119.73977117669092 19.448828132687957 496.335205078125 94.72314453125 118.91308948456928 15280
1730 16.1 124.592624830163 28.590648589563546 496.335205078125 94.72314453125 118.92091364683104 15426
1740 13.6 128.942237405216 31.281151469957234 496.335205078125 94.72314453125 118.97949743463603 15587
1750 17.7 117.1664211467161 13.741561540235978 496.335205078125 94.72314453125 119.06567263249897 15723
1760 17.1 119.80283003243787 15.549957579158177 496.335205078125 94.72314453125 119.0445300216195 15900
1770 16.1 120.20212417507764 14.196318094203125 496.335205078125 94.72314453125 119.05259854889533 16071
1780 16.5 116.82055516098485 15.058058321645237 496.335205078125 94.670166015625 119.06400032475877 16232
1790 16.1 120.89256447738742 18.492454102766235 496.335205078125 94.670166015625 119.04142494804213 16397
1800 15.2 121.03871395713405 15.883189589527651 496.335205078125 94.670166015625 119.05942431174697 16558
1810 29.3 124.70743787329351 18.563183311160103 496.335205078125 94.670166015625 119.07742862210596 16710
1820 31.7 123.54104797170741 17.90889478421661 496.335205078125 94.517822265625 119.17444636665681 17003
1830 28.2 124.07519184951241 17.21949329535323 496.335205078125 94.373046875 119.25436626901252 17320
1840 30.8 122.39540080281047 16.25837433707205 496.335205078125 94.373046875 119.3316002659277 17602
1850 33.1 128.30397646808913 22.379717106989517 496.335205078125 94.373046875 119.38428873970547 17910
1860 34.1 124.7842570106305 17.39924091333462 496.335205078125 94.373046875 119.5461448132812 18241
1870 31.6 124.83070083811313 16.992637050049552 496.335205078125 94.373046875 119.64226989450476 18582
1880 28.7 123.73707841082317 21.7391272605914 496.335205078125 94.373046875 119.72902744441376 18898
1890 31.6 123.44734288469145 16.53793442148578 496.335205078125 94.373046875 119.78898629911063 19185
1900 28.6 123.72092421738418 16.787834711377172 496.335205078125 94.373046875 119.84826739654376 19501
1910 28.1 140.28328392598985 52.55811624216136 496.335205078125 94.373046875 119.90424252419123 19787
1920 30.3 138.99218588851073 36.61891699080417 496.335205078125 94.373046875 120.18959784778627 20068
1930 32.9 125.4224181943389 17.50190849634764 496.335205078125 94.373046875 120.4692691538753 20371
1940 30.7 125.35212473915921 19.283065369741717 496.335205078125 94.373046875 120.54799311688556 20700
1950 28.1 125.37594267821397 16.104235453012578 496.335205078125 94.373046875 120.61820154303105 21007
1960 35.8 124.18077317562849 18.054133127577327 496.335205078125 94.373046875 120.681003368425 21288
1970 29.1 164.90766031062066 96.53230297587203 726.662109375 94.373046875 120.73888554485384 21646
1980 29.1 124.52975411431487 21.422372819558273 726.662109375 94.373046875 121.32479580864735 21937
1990 29.5 128.8078000860699 21.542926525486546 726.662109375 94.373046875 121.36675382857489 22228
2000 34.9 126.55955352345988 19.040591562502076 726.662109375 94.373046875 121.46421458628748 22523
2010 30.2 124.9475590787976 18.14043820896577 726.662109375 94.373046875 121.5419635058867 22872
2020 31.5 134.39617047991058 38.210819795964994 726.662109375 94.373046875 121.58634470304814 23174
2030 32.7 145.26252956565367 61.688083627345556 726.662109375 94.373046875 121.75813128909742 23489
2040 33.6 131.91351899646565 28.715153339294986 726.662109375 94.373046875 122.08085291474546 23816
2050 32.7 122.64830460387996 17.546055868844352 726.662109375 94.373046875 122.21764389700193 24152
2060 32.8 123.78164300685975 16.911353542690687 726.662109375 94.373046875 122.22339683017523 24479
2070 34.9 123.41502367254657 17.878061093954813 726.662109375 94.373046875 122.24400007707943 24807
2080 27.3 122.93433869190706 19.72534693196737 726.662109375 94.373046875 122.26024619072301 25156
2090 32.2 127.72045974257577 22.79366971046296 726.662109375 94.373046875 122.26748309554912 25429
2100 32 125.22144393920898 16.793871348317495 726.662109375 94.373046875 122.33566912639618 25751
2110 33.3 123.11997642173424 16.599766352448402 726.662109375 94.373046875 122.37108962964118 26071
2120 34.6 123.34504902569545 18.816182413985025 726.662109375 94.373046875 122.38053438429073 26404
2130 32.3 124.44300336808243 17.818245195421433 726.662109375 94.373046875 122.39300997554031 26750
2140 28.3 122.23587780200971 18.164448413125196 726.662109375 94.373046875 122.41746784374077 27073
2150 30.5 130.20218045594265 27.427466592472083 726.662109375 94.373046875 122.41558928028815 27356
2160 32.3 121.5813766810178 17.19058722976947 726.662109375 93.635009765625 122.50144699723889 27661
2170 31.9 124.73138408601098 20.34712832978092 726.662109375 93.635009765625 122.49082726052723 27984
2180 31.2 124.85197409605368 16.976728044590242 726.662109375 93.635009765625 122.51608033007213 28303
2190 31.9 122.25719411246081 17.404228569522576 726.662109375 93.635009765625 122.54154944958938 28615
2200 30.8 121.60961517730317 15.350053737211336 726.662109375 93.635009765625 122.53841440595407 28934
2210 32.3 129.66562409297595 27.60906720403642 726.662109375 93.635009765625 122.52863155380905 29242
2220 28.6 121.39551805616259 16.558237804320086 726.662109375 93.635009765625 122.60660377062457 29565
2230 31.1 122.50382617815515 17.251817321727444 726.662109375 93.635009765625 122.59500045702248 29851
2240 28.1 124.29875688111655 17.708863404371595 726.662109375 93.635009765625 122.5940603601878 30162
2250 31.8 124.0624101746757 17.949394170330617 726.662109375 93.635009765625 122.60979533119529 30443
2260 29.2 122.33776688249144 16.86781148127206 726.662109375 93.635009765625 122.62481212259436 30761
2270 31.3 134.44512763952682 40.936458309392364 726.662109375 93.635009765625 122.62211295632669 31053
2280 31.5 126.11180943080358 16.665124961361908 726.662109375 93.635009765625 122.74009432455475 31366
2290 32.9 125.71679835913754 18.942641320923794 726.662109375 93.635009765625 122.77361884267187 31681
2300 33.9 123.29150390625 18.15181240318632 726.662109375 93.635009765625 122.80386895391577 32010
2310 33 123.41645655776514 16.87940249677261 726.662109375 93.635009765625 122.80897910411643 32349
2320 29.1 123.42598595897766 17.073273333944677 726.662109375 93.635009765625 122.81511355008186 32679
2330 29.1 132.38054392182136 35.67030263489754 726.662109375 93.635009765625 122.82050523558348 32970
2340 33.5 125.5433972714552 17.16346727314454 726.662109375 93.635009765625 122.90414587349862 33261
2350 33.5 123.44169338852612 16.269498136108993 726.662109375 93.635009765625 122.93046297131727 33596
2360 30.3 124.24815645627062 18.3820570719623 726.662109375 93.635009765625 122.93551033773043 33931
2370 33.3 123.57297605222409 18.19130832059052 726.662109375 93.635009765625 122.94712837167089 34234
2380 30.4 124.16372841282895 17.438175192913253 726.662109375 93.635009765625 122.95315745367466 34567
2390 32.6 127.39019063937893 23.478284941150758 726.662109375 93.635009765625 122.96371102459557 34871
2400 30.7 120.77398303898616 15.537152392188439 726.662109375 93.635009765625 123.0047097561471 35197
2410 62 140.93827416204624 29.6061217495893 726.662109375 93.635009765625 122.98542085624375 35504
2420 65.1 143.30282250564017 28.067921391161235 726.662109375 93.635009765625 123.29354756008601 36124
2430 62.2 135.96128447799427 20.980920405653855 726.662109375 93.635009765625 123.6477566148666 36775
2440 61.9 136.65584691160137 22.41938513892686 726.662109375 93.635009765625 123.8525595223422 37397
2450 44.4 3487.2106345236834 2699.4409135846145 8756.066162109375 73.612060546875 124.06103055806273 38016
2460 85.5 1306.1466023049156 1052.7903758301359 8756.066162109375 73.612060546875 162.88678261632418 38460
2470 62.2 139.8681024385803 23.001417271306796 8756.066162109375 73.612060546875 187.74973939703756 39315
2480 62.2 140.82737216765466 23.116034148302617 8756.066162109375 73.612060546875 187.004005411306 39937
2490 58.8 137.65797932942704 21.772242485787096 8756.066162109375 73.612060546875 186.2958551640723 40559
2500 63.9 138.02467272165984 21.513233575246947 8756.066162109375 73.612060546875 185.60080884257204 41147
2510 62.7 143.15886701617336 31.711874090839526 8756.066162109375 73.612060546875 184.87326490485933 41786
2520 63 136.75507153707852 24.288429744400254 8756.066162109375 73.612060546875 184.25659248187097 42413
2530 63.7 136.35895647321414 23.64463473869548 8756.066162109375 73.612060546875 183.561335222962 43043
2540 64.8 137.93398068274973 24.163234030962492 8756.066162109375 73.612060546875 182.87296719952818 43680
2550 65 138.31962402343729 24.233125614425497 8756.066162109375 73.612060546875 182.21603561536304 44328
2560 61.8 132.79621368704494 20.371390177058775 8756.066162109375 73.612060546875 181.5816662006547 44978
2570 66 151.85221132220622 41.80716375280417 8756.066162109375 73.612060546875 180.92043693375822 45596
2580 62.1 135.8797011813103 20.83328565366858 8756.066162109375 73.612060546875 180.50567930439934 46256
2590 55.4 133.15380374619235 21.50799362179143 8756.066162109375 73.612060546875 179.9144995698933 46877
2600 60.4 136.17054839481574 21.541574991979136 8756.066162109375 73.612060546875 179.3683288063351 47431
2610 63.5 137.56493217888766 22.843158696924924 8756.066162109375 73.612060546875 178.8251528019933 48035
2620 63 137.16647212921637 23.917192930381756 8756.066162109375 73.612060546875 178.28682857565937 48670
2630 61.7 141.58208466812704 31.617249637388007 8756.066162109375 73.612060546875 177.76135546082654 49300
2640 68.2 141.18264761558353 23.66655434024558 8756.066162109375 73.612060546875 177.31416091630072 49917
2650 62.1 135.9851341554702 22.24133703750207 8756.066162109375 73.612060546875 176.82716132992374 50599
2660 66.5 139.6192283687734 23.304360272906234 8756.066162109375 73.612060546875 176.331985639269 51220
2670 58 135.3017207704742 19.36614304108185 8756.066162109375 73.612060546875 175.86144533696813 51885
2680 61.6 136.29612910283086 21.820982998097506 8756.066162109375 73.612060546875 175.41305802640744 52465
2690 66.4 148.6116185935146 32.51979198947117 8756.066162109375 73.612060546875 174.95910975457906 53081
2700 62.7 138.06312728954853 25.8167133740966 8756.066162109375 73.612060546875 174.63359604854227 53745
2710 68.3 138.27629998627378 22.182105292986858 8756.066162109375 73.612060546875 174.21187744499838 54372
2720 34.4 139.69571774504905 26.690668803101058 8756.066162109375 73.612060546875 173.76606871910047 55055
2730 88.1 2496.0786487523046 2167.061788572229 8756.066162109375 73.612060546875 173.55450893038454 55399
2740 61.8 143.73239896212573 25.926801766313556 8756.066162109375 73.612060546875 209.91100799191813 56280
2750 62.3 145.3850246570274 31.742427358077784 8756.066162109375 73.612060546875 209.192206269882 56898
2760 62.9 139.37116128651627 27.062663034414957 8756.066162109375 73.612060546875 208.50112172432807 57521
2770 62.6 135.6383813242561 22.383095663696672 8756.066162109375 73.612060546875 207.75335310669465 58150
2780 62.1 137.2994799529487 25.266678499448155 8756.066162109375 73.612060546875 206.98528497793788 58776
2790 64.5 134.84811727834312 20.613322786604897 8756.066162109375 73.612060546875 206.25671476529217 59397
2800 62.2 133.41631353936384 19.67984637405731 8756.066162109375 73.612060546875 205.48960931612189 60042
2810 61.5 154.55680259146345 47.25519098383226 8756.066162109375 73.612060546875 204.7506275481352 60664
2820 62.8 134.97560576420676 23.649478369871222 8756.066162109375 73.612060546875 204.2468790804978 61279
2830 62.2 135.80273398249088 23.927863670735135 8756.066162109375 73.612060546875 203.54417406099063 61907
2840 62 136.3121826171875 23.517646160216945 8756.066162109375 73.612060546875 202.87032391579677 62529
2850 69 140.65179921025842 23.711347400503854 8756.066162109375 73.612060546875 202.21685279819968 63149
2860 64.6 103.96619597160411 50.22093809158506 8756.066162109375 26.798095703125 201.5514306115163 63839
2870 58.5 119.27220845018697 60.01327692721004 8756.066162109375 26.798095703125 200.5738379686167 64485
2880 64.1 148.79088955550415 192.2372850933427 8756.066162109375 26.798095703125 199.84291045565706 65070
2890 64.1 127.3005123525254 20.261358451252224 8756.066162109375 26.798095703125 199.34490638636885 65711
2900 62.4 127.15041605631512 17.943633114330098 8756.066162109375 26.798095703125 198.64891445582126 66352
2910 62.8 128.27622567923947 17.942437839743178 8756.066162109375 26.798095703125 197.982779377565 66976
2920 63.3 131.4722111658274 47.42589358171761 8756.066162109375 26.798095703125 197.33524793382574 67604
2930 61.6 159.0101992124088 75.692400239997 8756.066162109375 26.798095703125 196.72426998529133 68237
2940 63.3 130.72366096773808 18.65653134283411 8756.066162109375 26.798095703125 196.38685741654203 68853
2950 61.7 140.81854495353025 51.260220575323885 8756.066162109375 26.798095703125 195.78868219632366 69486
2960 65.8 131.9056752677384 20.967403588470276 8756.066162109375 26.798095703125 195.30487159365612 70103
2970 62.8 128.62974596934714 19.812427965210162 8756.066162109375 26.798095703125 194.7153283257196 70761
2980 59.5 127.59434578518908 44.58263586192789 8756.066162109375 26.798095703125 194.13398181967804 71389
2990 33.7 156.61690931008906 88.7636573076371 8756.066162109375 26.798095703125 193.58398343891955 71984
3000 90.2 2166.720319050115 2095.606683502641 8756.066162109375 26.798095703125 193.41172498036093 72321
3010 108.7 314.4915837741491 164.9060686452704 8756.066162109375 26.798095703125 217.71999358245202 73223
3020 116.6 952.5326754797384 197.44300448417542 8756.066162109375 26.798095703125 219.135559704621 74310
3030 98.3 1839.2711952807108 1364.6000821117846 8756.066162109375 26.001953125 230.46553263633152 75476
3040 126.6 3382.022093569499 1254.835073571937 8756.066162109375 26.001953125 251.14924503617226 76459
3050 125.5 3169.495743199078 1018.9965657513221 8756.066162109375 25.796875 302.1455142705652 77725
3060 123.4 3210.3669817412883 955.1401997990216 8756.066162109375 25.796875 347.7079925853953 78980
3070 126.1 3160.1209001412576 956.3786056369735 8756.066162109375 25.796875 391.7467039402507 80214
3080 126.8 3137.494674923292 993.3334215758948 8756.066162109375 25.796875 434.59321957583796 81475
3090 117.6 3288.742548728477 249.30788992645205 8756.066162109375 25.796875 476.01399287848074 82743
3100 124.8 3116.894132369602 909.713237246937 8756.066162109375 25.796875 515.4302011469252 83919
3110 123.5 3233.492057423457 1042.0055850698218 8756.066162109375 25.796875 553.550916754683 85167
3120 125 3183.8271566406265 988.764847932871 8756.066162109375 25.796875 591.8570590746054 86402
3130 124.2 3208.69789248849 917.9375264985812 8756.066162109375 25.796875 628.8209916940269 87652
3140 125.3 3476.116642324049 1544.4894806035334 8875.166015625 25.796875 664.8662490880774 88894
3150 128 3147.6239959716754 946.0421531733007 8875.166015625 25.796875 703.941279235777 90147
3160 128.8 3097.766530670734 1069.4147414660931 8875.166015625 25.66015625 738.1534252913399 91427
3170 131.4 3022.857508829196 1335.7981661732265 8875.166015625 25.66015625 770.9332525008384 92715
3180 132.8 3035.848342160147 1245.1448672250187 8875.166015625 25.66015625 802.4025701880994 94029
3190 117.7 3332.0930553296926 712.6311912114712 8875.166015625 25.66015625 833.5069042713747 95357
3200 124.4 3210.4738125816443 869.708201812928 8875.166015625 25.66015625 863.9711541708467 96534
3210 124.1 3187.7658101219395 1012.8911594944614 8875.166015625 25.66015625 893.8249996888878 97778
3220 124.7 3191.142274074968 951.3625995316955 8875.166015625 25.66015625 922.574841090512 99019
3230 122.8 3191.5245925952986 1420.9207343528085 8875.166015625 25.66015625 950.7888277752468 100266
3240 121.9 3318.7749321853803 850.5676945957356 8875.166015625 25.66015625 977.9000217295596 101494
3250 121.4 3374.533667273733 1524.1874011589887 8875.166015625 25.66015625 1005.6815733914295 102713
3260 121.4 3273.541328744399 748.7241016145778 8875.166015625 25.66015625 1033.3527891676295 103927
3270 122.2 3228.4053084003554 761.836546983862 8875.166015625 25.66015625 1059.2189012176023 105141
3280 132.2 3025.1106584926956 1115.0954883780144 8875.166015625 25.66015625 1084.1405919331455 106363
3290 120.3 3297.801130718127 846.8943127665691 8875.166015625 25.66015625 1107.969002835237 107685
3300 121.5 3201.998103539739 642.0659869718363 8875.166015625 25.66015625 1132.1623763001103 108888
3310 122.5 3220.3894672751912 701.3425240408741 8875.166015625 25.66015625 1155.0032653639519 110103
3320 124.4 3171.9637060625378 735.6718611736216 8875.166015625 25.66015625 1177.729786071602 111328
3330 123.9 3187.158857713506 776.5776925397164 8875.166015625 25.66015625 1199.7674774732714 112572
3340 147.2 2537.203165468961 1357.4568228977143 8875.166015625 25.66015625 1221.4031534634448 113811
3350 126.5 358.23550190680595 275.54771500410357 8875.166015625 25.66015625 1238.204048805101 115283
3360 126.2 190.55713722482912 54.81983011038712 8875.166015625 25.66015625 1228.6529607398716 116548
3370 119.7 169.89669159878846 41.89483045989711 8875.166015625 25.66015625 1217.5327083905295 117810
3380 128.3 194.90197211582964 56.79345987698674 8875.166015625 25.66015625 1206.9953424196226 119007
3390 123.8 159.8216258897919 30.59190083297374 8875.166015625 25.66015625 1196.200465089007 120290
3400 123.7 170.59847965718487 40.01609353466956 8875.166015625 25.66015625 1185.6429227701287 121528
3410 122.2 221.58969370940304 73.80482120717836 8875.166015625 25.66015625 1175.4151707550534 122765
3420 124 307.0497353830644 174.0599533474016 8875.166015625 25.66015625 1166.0143889557537 123987
3430 123.5 157.137369528087 131.27411745341735 8875.166015625 25.66015625 1157.5089055501771 125227
3440 122.2 122.13557496515699 78.00015273712653 8875.166015625 25.66015625 1147.7394977677027 126462
3450 118.8 130.4380959661722 35.170716564490945 8875.166015625 25.66015625 1137.9239531915248 127684
3460 124.2 131.71776675410126 21.812030033041044 8875.166015625 25.66015625 1128.6364958820725 128872
3470 121.3 144.0410107945177 44.15271825108968 8875.166015625 25.66015625 1119.1204325716144 130114
3480 101.3 134.2826225378669 29.88172286196396 8875.166015625 25.66015625 1110.1141251206286 131327
3490 148.7 2698.2461507216185 2121.3637710013404 8875.166015625 25.66015625 1102.6445972974736 132340
3500 115.7 135.30634921773708 30.005772996952242 8875.166015625 25.66015625 1120.3739008755385 133827
3510 127.3 131.0820977989373 19.699462939765176 8875.166015625 25.66015625 1111.930506419395 134984
3520 121.6 126.58744189613743 17.7869225112426 8875.166015625 25.66015625 1102.7667935519912 136257
3530 90.9 137.64795647045193 48.32627911394791 8875.166015625 25.66015625 1094.1321228049098 137473
3540 157.1 2610.1372824024756 1966.043913176578 8875.166015625 25.66015625 1087.8491950599862 138382
3550 129.7 133.68284721051 22.102492287922225 8875.166015625 25.66015625 1104.9371787774846 139953
3560 126.9 130.60944906945684 19.26991045744761 8875.166015625 25.66015625 1096.01882926922 141250
3570 118.6 130.33299134432974 19.47769902945593 8875.166015625 25.66015625 1087.4227508272334 142519
3580 129.6 130.97731357150585 35.33717788833911 8875.166015625 25.66015625 1079.523871492856 143705
3590 121.9 134.1274331947933 26.034743968462003 8875.166015625 25.66015625 1071.0458862440228 145001
3600 126.3 127.28878549800827 18.61182194785634 8875.166015625 25.66015625 1063.235028671413 146220
3610 211.2 566.6635248588796 272.5584616592688 8875.166015625 25.66015625 1055.219866889187 147483
3620 213.3 1397.5365112132995 299.7874143747085 8875.166015625 25.66015625 1048.322370352752 149595
3630 215.5 2169.0793740257022 453.88467087967484 8875.166015625 25.66015625 1053.2316406420562 151728
3640 197.9 3060.237166147875 731.5041830451295 8875.166015625 25.59716796875 1068.8581352219758 153883
3650 265.1 3039.7303032574696 1779.624188256826 8875.166015625 25.59716796875 1094.1429326851314 155862
3660 276 2699.768246858018 1430.9947764153667 8875.166015625 25.09912109375 1126.6812867594804 158513
3670 242 3039.275783772115 1039.2136176795507 8875.166015625 25.09912109375 1153.6028421957403 161273
3680 248.6 2915.1671446035307 1368.7517038905833 8875.166015625 25.09912109375 1181.4802011458164 163693
3690 240.8 3113.950328332637 1093.2981286068857 8875.166015625 25.09912109375 1207.4157630485593 166179
3700 247.5 2969.91935458097 1104.7763299614196 8875.166015625 25.09912109375 1234.6476091173786 168587
3710 245.3 3000.3280733452953 1220.6022942065213 8875.166015625 25.09912109375 1259.7542813766904 171062
3720 242 3035.766779119315 1111.7294264736538 8875.166015625 25.09912109375 1284.3609581003107 173515
3730 246.7 2978.604260021348 1148.27876786014 8875.166015625 25.09912109375 1308.4516852828838 175935
3740 243.8 3021.2876980963865 1233.5589359285393 8875.166015625 25.09912109375 1331.547090053457 178402
3750 224.1 3111.6620033737377 970.4319989860991 8875.166015625 25.09912109375 1354.3273798256791 180840
3760 249.6 2665.6169035495836 1125.11875763159 8875.166015625 25.09912109375 1375.8380056763747 183081
3770 207.1 3131.1802610123805 1159.2046580534077 8875.166015625 25.09912109375 1393.1854578341936 185577
3780 270.6 2744.571057733394 1472.7401329601857 8875.166015625 24.984130859375 1412.3670490975273 187648
3790 240.7 3030.2196029200327 1088.7436731830112 8875.166015625 24.984130859375 1431.3051541405982 190354
3800 298.6 1715.0595183120201 2110.7938686102134 8875.166015625 24.984130859375 1451.270744058746 192761
3810 258.1 370.40504793139706 356.7323221712345 8875.166015625 24.949951171875 1455.2946794443217 195747
3820 234 786.5842114049148 292.6051593674264 8875.166015625 24.949951171875 1441.1761478253125 198328
3830 222.9 1632.441885549854 217.76034149536522 8875.166015625 24.949951171875 1433.5429171596172 200668
3840 232.2 2361.847246510115 557.5269270437166 8875.166015625 24.949951171875 1435.7279953053849 202897
3850 232.6 2352.499020183693 557.6029163471768 8875.166015625 24.949951171875 1446.2067955202644 205219
3860 232.7 3131.049478921862 375.19167944401244 8875.166015625 24.949951171875 1456.3638010591458 207545
3870 240.7 3279.035389943394 697.7556286089947 8875.166015625 24.949951171875 1474.9322312088873 209872
3880 245.4 2776.824435332775 1027.7049279767384 8875.166015625 24.949951171875 1495.3886885271993 212279
3890 226 2824.9266660977237 824.5603183994244 8875.166015625 24.949951171875 1510.033122883637 214733
3900 254.8 2793.645362075492 1039.7794633032356 8875.166015625 24.949951171875 1523.7278476335773 216993
3910 225.5 3268.0832440496815 1605.0552446742017 8875.166015625 24.949951171875 1538.4665516879363 219541
3920 266 2996.0980695451976 1444.8369779275286 8875.166015625 24.949951171875 1556.051565129458 221796
3930 242.2 3335.0182857497743 1203.8373736642493 8875.166015625 24.949951171875 1573.1173762538915 224456
3940 242 3318.913915511201 823.7539721419079 8875.166015625 24.949951171875 1591.9262691513916 226878
3950 240.2 3276.3585100388377 1083.5789575857998 8875.166015625 24.949951171875 1610.1528132302356 229298
3960 246.4 3277.6362591037496 1024.7707771268922 8875.166015625 24.949951171875 1627.4261239066889 231700
3970 235.5 3147.2367443562557 1115.1219465330255 8875.166015625 24.949951171875 1644.7905256641134 234164
3980 302.3 1995.097954500523 1957.950409611076 9065.01904296875 24.949951171875 1659.750257630763 236519
3990 249 366.6762911019079 324.13514447465525 9065.01904296875 24.949951171875 1663.9823175101883 239542
4000 270.8 262.5587386296107 183.5768929605141 9065.01904296875 24.949951171875 1650.6357682697712 242032
4010 174.1 207.43576170753147 184.54456208626053 9065.01904296875 24.949951171875 1635.2769687426585 244740
4020 231.9 1083.2704627533392 250.94277579462536 9065.01904296875 24.949951171875 1625.191519797514 246481
4030 233.3 3204.5429256355815 591.6897111745508 9065.01904296875 24.949951171875 1620.1404147682317 248800
4040 218.5 3311.624395737986 1271.4700080581329 9065.01904296875 24.949951171875 1634.85935277261 251133
4050 302.9 2166.6644213359427 673.1747861220501 9065.01904296875 24.949951171875 1649.322326658711 253318
4060 278.4 449.4555358886729 383.2629906714135 9065.01904296875 24.949951171875 1655.4352486151893 256347
4070 226.4 168.62756326089058 62.79346994745961 9065.01904296875 24.949951171875 1642.4786840967388 259131
4080 252.2 151.72149111258415 33.3933421833188 9065.01904296875 24.949951171875 1629.7133330472834 261395
4090 245.1 142.7292982495981 25.816885357015572 9065.01904296875 24.949951171875 1615.5895917749922 263917
4100 147.3 2952.6632152176667 2307.869461594619 9065.01904296875 24.949951171875 1602.0369856833042 266368
4110 311.5 2253.2021592533683 552.6365080971634 9065.01904296875 24.949951171875 1609.464797094194 267841
4120 289 882.2727470635537 679.7131724003879 9065.01904296875 24.949951171875 1616.865415213467 270956
4130 242.6 153.33781545061953 39.221920288548105 9065.01904296875 24.949951171875 1609.1129820541248 273846
4140 205.1 140.26351986740463 20.72158127780217 9065.01904296875 24.949951171875 1596.3295275086764 276272
4150 263 215.02885417285515 130.45411949459745 9065.01904296875 24.949951171875 1585.5995792770454 278323
4160 235.9 140.06659191692682 21.240103248460787 9065.01904296875 24.949951171875 1572.7696717586207 280953
4170 251.6 149.81047856220187 41.83217901565874 9065.01904296875 24.949951171875 1560.8402562543477 283312
4180 244 137.5517053823003 20.571808743786203 9065.01904296875 24.949951171875 1548.4196714247528 285828
4190 252.7 154.05450238981473 40.90517968021834 9065.01904296875 24.949951171875 1536.4775972536913 288268
4200 238.4 137.90070849937086 21.552261824869237 9065.01904296875 24.949951171875 1524.464381205544 290795
4210 8.9 132.24356730600417 17.997802257613625 9065.01904296875 24.949951171875 1513.189467941867 293179
4220 0 0 0 9065.01904296875 24.949951171875 1512.7703830599278 293268
4230 0 0 0 9065.01904296875 24.949951171875 1512.7703830599278 293268
4240 0 0 0 9065.01904296875 24.949951171875 1512.7703830599278 293268
4250 0 0 0 9065.01904296875 24.949951171875 1512.7703830599278 293268
4260 0 0 0 9065.01904296875 24.949951171875 1512.7703830599278 293268
4260 0 0 0 9065.01904296875 24.949951171875 1512.7703830599278 293268
