10 3.7 117.22781619510135 13.765312738866271 151.889892578125 98.18310546875 0 0
20 4.4 117.85732199928977 13.292174031580526 157.14208984375 98.18310546875 117.22781619510135 37
30 3.9 115.27915289463141 13.717670145701153 171.739013671875 98.18310546875 117.56976996527777 81
40 4.1 114.9213926733994 10.056912080388162 171.739013671875 98.18310546875 116.82531941731771 120
50 3.1 126.04967080393145 28.368299833072086 251.009033203125 98.18310546875 116.34046850737577 161
60 5.2 117.55089393028847 10.439651800235778 251.009033203125 98.18310546875 117.90810012817383 192
70 4.5 115.85895724826389 10.768888049142365 251.009033203125 98.18310546875 117.83197421714908 244
80 4.2 120.61859421502976 13.78888346040426 251.009033203125 98.18310546875 117.52475704206314 289
90 4.8 121.03649393717448 21.81381525826193 251.009033203125 98.18310546875 117.91732852624622 331
100 3.4 116.75590245863971 11.293240282590418 251.009033203125 98.18310546875 118.31236794504453 379
110 3.4 120.52711397058823 14.0201937527136 251.009033203125 98.18310546875 118.1842327718296 413
120 2.4 116.3756815592448 10.840746920188415 251.009033203125 98.18310546875 118.36243850059424 447
130 3.8 116.83977307771382 13.927625924646279 251.009033203125 98.18310546875 118.26120247810509 471
140 2.9 119.30202720905173 16.657385886078032 251.009033203125 97.6669921875 118.15508397670064 509
150 3.9 124.62313451522436 16.373168433662133 251.009033203125 97.6669921875 118.2169080542809 538
160 3.2 116.6192626953125 12.747842000966395 251.009033203125 97.6669921875 118.64991122928402 577
170 5 139.88574707031248 58.63654689387253 396.466064453125 97.6669921875 118.54321048529864 609
180 3.3 118.9126864346591 14.719506713947725 396.466064453125 97.6669921875 120.16252282103567 659
190 3.5 117.66070731026785 13.309407382232932 396.466064453125 97.6669921875 120.10292079682984 692
200 4.7 118.54311938996011 13.788368904379324 396.466064453125 97.359130859375 119.98534518193345 727
210 4 122.48450317382813 25.26643634081963 396.466064453125 97.359130859375 119.89776816355781 774
220 2.6 117.54395470252403 11.68693723690491 396.466064453125 97.359130859375 120.02488044907479 814
230 4.1 120.24400366806402 14.857320098253771 396.466064453125 97.359130859375 119.94808989025297 840
240 3.8 121.30582468133224 12.682750467813989 396.466064453125 97.359130859375 119.96186113303419 881
250 3 118.22906087239583 12.737765629232513 396.466064453125 97.359130859375 120.01743307518362 919
260 3.5 116.10080915178571 10.910346594825485 396.466064453125 97.359130859375 119.96089865359919 949
270 4.2 131.05916341145834 45.78813807803685 396.466064453125 97.359130859375 119.82359872213225 984
280 5.3 117.17468492040095 14.452037544609299 396.466064453125 97.359130859375 120.28353411877131 1026
290 3.1 120.98341418850806 22.165984543483 396.466064453125 97.359130859375 120.13082882913866 1079
300 3.9 119.31199293870192 14.629095666117228 396.466064453125 97.359130859375 120.15463977160755 1110
310 4.4 119.90073464133523 12.756953714351203 396.466064453125 97.359130859375 120.1260381819789 1149
320 4.3 119.68206077398256 13.463175246763152 396.466064453125 97.359130859375 120.11772857947402 1193
330 4 115.6154296875 11.067277383122914 396.466064453125 97.359130859375 120.10257185161306 1236
340 3.3 118.22188683712122 10.89373054673785 396.466064453125 97.359130859375 119.96190908784777 1276
350 4.5 125.54676649305556 29.001302099983313 396.466064453125 97.359130859375 119.9180429806866 1309
360 4.7 118.98594373337765 11.249997297555483 396.466064453125 97.359130859375 120.10511281676976 1354
370 3.5 118.307373046875 15.423317555408167 396.466064453125 97.359130859375 120.06756752988936 1401
380 3.1 117.10770539314517 11.699453954542793 396.466064453125 97.359130859375 120.02466585377132 1436
390 6.4 123.30119705200195 17.360759730935662 396.466064453125 97.359130859375 119.96302592583717 1467
400 4 118.90101928710938 15.201440849398482 396.466064453125 97.359130859375 120.10257063653249 1531
410 5.1 119.51111557904412 23.31119123179988 396.466064453125 97.359130859375 120.0719773494689 1571
420 4 119.88035278320312 13.520469840753094 396.466064453125 97.359130859375 120.05434236161953 1622
430 4.9 120.49627810108419 16.511456781951427 396.466064453125 97.359130859375 120.05015488680806 1662
440 5 120.310693359375 15.536486960305945 396.466064453125 97.359130859375 120.06293106302053 1711
450 4 118.48117065429688 10.626640940227565 396.466064453125 97.359130859375 120.06996576763025 1761
460 3.5 119.23704659598214 14.331345082605406 396.466064453125 97.359130859375 120.03467881341963 1801
470 4 118.58114013671874 10.763196715144574 396.466064453125 97.359130859375 120.01947340622446 1836
480 4.9 117.42582609215562 11.006471194975186 396.466064453125 97.359130859375 119.98880531945463 1876
490 4.8 121.00909932454427 13.227429102982587 396.466064453125 97.359130859375 119.92356584821428 1925
500 3.7 120.45236618454392 13.346919531579605 396.466064453125 97.359130859375 119.94997517759282 1973
510 3 115.0328125 10.48613555054978 396.466064453125 97.359130859375 119.95922317125311 2010
520 3.9 120.73673502604167 10.486623371038528 396.466064453125 97.359130859375 119.88677595549939 2040
530 3.9 122.94161283052884 17.12847942290054 396.466064453125 97.359130859375 119.90272035364809 2079
540 4.2 114.22641136532738 10.475642282561271 396.466064453125 97.359130859375 119.95867729727337 2118
550 4.1 116.8716356230945 14.401634452505903 396.466064453125 97.359130859375 119.84721657081887 2160
560 4.9 118.53791155133929 14.018360779889758 396.466064453125 97.359130859375 119.79178775716294 2201
570 5.7 120.19476853755482 19.623594467269882 396.466064453125 97.359130859375 119.76448111979167 2250
580 5.1 118.52753523284314 16.001326680644866 396.466064453125 97.359130859375 119.77511240839699 2307
590 4.1 123.22422827743902 18.066432419140142 396.466064453125 97.359130859375 119.74812918704278 2358
600 0.1 106.0869140625 0.0 396.466064453125 97.359130859375 119.80753729988406 2399
610 7.5 119.27707682291667 13.960234712021506 396.466064453125 97.359130859375 119.80182037353515 2400
620 7 121.89373953683035 16.021154584875276 396.466064453125 97.359130859375 119.78591905381944 2475
630 6.7 124.71732159514926 15.367831968559713 396.466064453125 97.359130859375 119.8438944698551 2545
640 8 120.68338012695313 13.173100294893617 396.466064453125 97.359130859375 119.96890198034313 2612
650 7.3 122.47103756421232 21.32304876433252 396.466064453125 97.359130859375 119.99013461471489 2692
660 8.2 116.911445431593 10.552106146181007 396.466064453125 97.359130859375 120.05563404159132 2765
670 9.4 118.91955046958111 14.443118568115336 396.466064453125 97.359130859375 119.96507434154921 2847
680 7.5 118.392431640625 14.905396579541256 396.466064453125 97.359130859375 119.93165739358425 2941
690 9.4 119.20820520279256 13.714657418457389 396.466064453125 97.215087890625 119.8933808911068 3016
700 7.8 120.06887582632211 14.539731697992277 396.466064453125 97.215087890625 119.87267140084907 3110
710 6.8 121.39865650850184 19.449231755251944 396.466064453125 97.215087890625 119.87747188553756 3188
720 7.4 118.86231128589527 11.780974115107774 396.466064453125 97.215087890625 119.90924109756507 3256
730 8.9 118.27262552668539 12.135188520993756 396.466064453125 97.215087890625 119.88597599063908 3330
740 8.6 119.51305868459302 12.718418458289687 396.466064453125 97.215087890625 119.84397885952124 3419
750 9.3 119.03194566952286 13.144470557718414 396.466064453125 97.215087890625 119.83585927748307 3505
760 9 117.96976182725695 13.207234713975236 396.466064453125 97.215087890625 119.81507996521505 3598
770 7.8 126.06114157652243 29.01904665384927 396.466064453125 97.215087890625 119.77004779807399 3688
780 7.5 124.35733072916666 18.893364861385646 396.466064453125 97.215087890625 119.90034660708062 3766
790 8.7 119.3621756016523 15.234472258160455 396.466064453125 97.215087890625 119.98737441472355 3841
800 6.2 118.5780738092238 10.960140251300412 396.466064453125 97.215087890625 119.97352708867028 3928
810 8 117.18802490234376 12.511727787905409 396.466064453125 97.215087890625 119.95184335350093 3990
820 9 120.67154947916667 12.773411342686096 396.466064453125 97.215087890625 119.89751768369932 4070
830 8.6 124.85844669785608 25.07912000605101 396.466064453125 97.215087890625 119.91426356388972 4160
840 8.2 118.69398461318598 13.175613015190606 396.466064453125 97.215087890625 120.01440481436573 4246
850 7.7 116.73283088981331 11.351276861904802 396.466064453125 97.215087890625 119.98938761092379 4328
860 10.2 121.89888269761029 14.502969626352439 396.466064453125 97.215087890625 119.9324625558669 4405
870 7.6 120.35270289370888 18.669426017017173 396.466064453125 97.215087890625 119.97696551891502 4507
880 8.4 116.43370419456845 12.198508217056066 396.466064453125 97.215087890625 119.98319638090156 4583
890 10.1 127.84582882116334 31.706221879759056 396.466064453125 97.215087890625 119.91931008485443 4667
900 9.9 118.59268219302399 14.340776611602683 396.466064453125 97.215087890625 120.08721662687775 4768
910 7.3 117.98107742936644 12.003599553061914 396.466064453125 97.215087890625 120.05681619356123 4867
920 7.2 121.63437228732639 14.397302010398853 396.466064453125 97.215087890625 120.02614232113487 4940
930 8.7 120.72900110003592 13.500181272442617 396.466064453125 97.215087890625 120.04924538529404 5012
940 9 117.96190321180555 13.546223126858061 396.466064453125 97.215087890625 120.06084349221355 5099
950 7.9 124.66809854628164 18.077935427622112 396.466064453125 97.215087890625 120.02443866946606 5189
960 7.5 117.702177734375 19.56658473138317 396.466064453125 97.215087890625 120.09407593793007 5268
970 8.4 118.18801734561012 14.69828631228279 396.466064453125 97.215087890625 120.06050072451688 5343
980 8.2 117.31404820884147 11.618178022984889 396.466064453125 97.215087890625 120.03151811832043 5427
990 8.7 120.96108622934626 14.459206950279263 396.466064453125 97.215087890625 119.99106930137049 5509
1000 7.5 117.64773111979167 15.970082452034765 396.466064453125 97.215087890625 120.00614997912851 5596
1010 9.6 121.52591705322266 18.775249796458894 396.466064453125 97.215087890625 119.9749594634434 5671
1020 6 121.96058756510416 15.910205581889926 396.466064453125 97.215087890625 120.00077738066531 5767
1030 9.7 118.52550891994201 14.401763877211774 396.466064453125 97.215087890625 120.0209573379446 5827
1040 8.4 119.74398367745536 14.092157643869239 396.466064453125 97.215087890625 119.99647075851409 5924
1050 9.3 117.84103032594086 13.328423287272402 396.466064453125 97.215087890625 119.99294064619569 6008
1060 7.2 119.08330959743924 16.550092947752933 396.466064453125 97.215087890625 119.96013821056486 6101
1070 7.3 134.81999812714045 46.8088417666544 396.466064453125 97.215087890625 119.94991114752501 6173
1080 8.8 116.79706365411931 12.066694441257727 396.466064453125 97.215087890625 120.12370499150707 6246
1090 9.2 117.26639722741169 13.66787713767298 396.466064453125 97.090087890625 120.0774870506024 6334
1100 7.1 118.6128720565581 15.827216134986605 396.466064453125 97.090087890625 120.03724113343254 6426
1110 8.4 118.30250767299107 11.375151729194707 396.466064453125 97.090087890625 120.0216754562803 6497
1120 8.8 120.32906549627131 13.950290501710175 396.466064453125 97.090087890625 119.99973196839149 6581
1130 7.8 125.9585211338141 26.08399500081225 396.466064453125 97.090087890625 120.00407764997095 6669
1140 7.7 118.39481660917208 12.876355992109948 396.466064453125 97.090087890625 120.07291514689399 6747
1150 8.3 118.20451630741717 11.803052757577907 396.466064453125 97.090087890625 120.05397997875147 6824
1160 10 118.17040771484375 13.773679399080711 396.466064453125 97.090087890625 120.0317553537738 6907
1170 6.9 129.80649909420288 35.67629470950517 396.466064453125 97.090087890625 120.00519123733409 7007
1180 9 119.34473198784723 12.053972125325629 396.466064453125 97.090087890625 120.10076645527134 7076
1190 3.4 120.37941607306985 20.512012326847444 396.466064453125 97.090087890625 120.09127118565536 7166
1200 0 0 0 396.466064453125 97.090087890625 120.09263186984592 7200
1210 16.5 123.09979285037879 15.936937141665592 396.466064453125 97.090087890625 120.09263186984592 7200
1220 15.8 120.5813575454905 16.089530195418376 396.466064453125 97.090087890625 120.16000207511244 7365
1230 17.1 121.67994449013158 15.573284037897668 396.466064453125 97.090087890625 120.16885149214285 7523
1240 17 119.50247587316177 14.693813847069581 396.466064453125 96.944091796875 120.2024357009622 7694
1250 14.2 124.70251808703783 23.02698498749335 396.466064453125 96.944091796875 120.18730432116489 7864
1260 15.9 118.95636485357704 12.687175732012847 396.466064453125 96.944091796875 120.26738930177368 8006
1270 15.2 122.26980590820313 16.396784313799042 396.466064453125 96.944091796875 120.2418592482203 8165
1280 15 121.90701822916667 16.228618604020095 396.466064453125 96.944091796875 120.27892163758153 8317
1290 15.6 119.47121488131009 14.43573862111995 396.466064453125 96.944091796875 120.30776473297988 8467
1300 15.4 120.49260285612824 13.45250957413823 396.466064453125 96.944091796875 120.2926305828163 8623
1310 16.5 124.32019116950758 21.716759653891245 396.466064453125 96.944091796875 120.29613926802652 8777
1320 14 120.50005405970983 14.21657877928609 396.466064453125 96.944091796875 120.37039207095029 8942
1330 14.6 120.24570245612158 14.82325373741063 396.466064453125 96.944091796875 120.37239082435552 9082
1340 15.9 117.85334058077831 12.871703138419218 396.466064453125 96.799072265625 120.37038643534792 9228
1350 16.7 120.93060119994387 16.313883261163927 396.466064453125 96.799072265625 120.32775190984707 9387
1360 19.1 120.28180474885471 15.70635664069803 396.466064453125 96.799072265625 120.33828946808929 9554
1370 15.2 123.72618986430923 28.33176565976866 396.466064453125 96.799072265625 120.33718237918484 9745
1380 18.5 121.70793391047297 16.120118301406865 396.466064453125 96.799072265625 120.38923139785099 9897
1390 13.9 119.98198277315647 15.916748522883886 396.466064453125 96.799072265625 120.41342897420837 10082
1400 16.3 122.1568341401457 16.93000931779805 396.466064453125 96.799072265625 120.40756154225981 10221
1410 13.5 125.12451171875 15.523291130778762 396.466064453125 96.799072265625 120.4350202704431 10384
1420 17.1 121.53114577622442 15.001035243948369 396.466064453125 96.799072265625 120.49520482653413 10519
1430 14.4 123.9897664388021 22.90683824230529 396.466064453125 96.799072265625 120.51177600543002 10690
1440 16.4 119.49021799971418 14.346594761172721 396.466064453125 96.799072265625 120.55800367964135 10834
1450 17.2 126.62477573128633 27.826661532227387 396.466064453125 96.799072265625 120.54208107084811 10998
1460 15.8 119.06798698328718 13.219204122528259 396.466064453125 96.799072265625 120.63574476660419 11170
1470 14.8 118.24528214738176 15.02517926379244 396.466064453125 96.799072265625 120.61387808848235 11328
1480 15.6 117.41737561348157 13.3302220779092 396.466064453125 96.799072265625 120.58333153922452 11476
1490 15.1 124.31639816587337 18.970848226433127 396.466064453125 96.799072265625 120.54087202027543 11632
1500 17.8 123.07286774710323 18.17913458189126 396.466064453125 96.799072265625 120.58925566179161 11783
1510 15 124.84937174479161 21.497703259498362 396.466064453125 96.799072265625 120.6262160289169 11961
1520 14.4 118.93164571126302 13.111365102402935 396.466064453125 96.799072265625 120.67852164838524 12111
1530 17.6 119.61611661044034 13.138612633460363 396.466064453125 96.799072265625 120.65799532158431 12255
1540 17.7 120.09469621733757 15.775437210525777 396.466064453125 96.712890625 120.64324424337971 12431
1550 15.9 121.65662465605345 16.327241058354673 396.466064453125 96.712890625 120.63554333914355 12608
1560 15.9 119.40944839573507 14.059097372831078 396.466064453125 96.712890625 120.64825986842911 12767
1570 16.1 121.13921171389751 15.761073006090285 396.466064453125 96.712890625 120.63302150975989 12926
1580 16.4 121.99702862995427 14.228621703919922 396.466064453125 96.712890625 120.6392488057686 13087
1590 15.1 122.2015663803808 18.325603971765382 396.466064453125 96.712890625 120.65605326514273 13251
1600 17.6 119.86868702281605 15.338963746961536 396.466064453125 96.712890625 120.67346652289537 13402
1610 16.7 122.88820259870883 23.166242754624673 396.466064453125 96.712890625 120.6630348546074 13578
1620 14.3 119.65979089270105 12.834426446144064 396.466064453125 96.712890625 120.69007035939205 13745
1630 14.2 122.7082949356294 15.681600789132084 396.466064453125 96.712890625 120.67946192306307 13888
1640 13.9 120.36790762702338 15.461401528951091 396.466064453125 96.712890625 120.69999608470131 14030
1650 17.1 119.89553636695906 14.752601256834144 396.466064453125 96.712890625 120.696738247478 14169
1660 16.8 120.67715890066964 14.6652012075522 396.466064453125 96.712890625 120.68718416647599 14340
1670 17.6 134.14711553400215 54.08756524242364 498.31689453125 96.712890625 120.68706807572224 14508
1680 16.3 123.95709265960507 21.81481689111446 498.31689453125 96.712890625 120.84839798260437 14684
1690 16.4 123.78541378858613 20.44159093577373 498.31689453125 96.712890625 120.88252724995475 14847
1700 12.4 120.83456913117439 17.548051106900065 498.31689453125 96.712890625 120.91424221846687 15011
1710 14.6 119.66957573041525 14.138787424851003 498.31689453125 96.712890625 120.91358946241638 15135
1720 14.5 121.68692921605603 19.514027272721687 498.31689453125 96.712890625 120.90170372163553 15281
1730 16.1 126.57507854959248 28.59696940356211 498.31689453125 96.712890625 120.90908461731108 15426
1740 15 129.71513671874996 30.26527134635035 498.31689453125 96.712890625 120.96760935094149 15587
1750 16.8 118.98773919968377 13.823644446544115 498.31689453125 96.712890625 121.0509879558326 15737
1760 17.5 121.92575334821429 15.267618735278932 498.31689453125 96.712890625 121.029194444922 15905
1770 15.4 122.40185705407873 14.402392254723994 498.31689453125 96.712890625 121.03895177129489 16080
1780 16.7 119.02015256596182 15.081540742257841 498.31689453125 96.656005859375 121.05188064979365 16234
1790 16 122.87797851562502 18.504859173577593 498.31689453125 96.656005859375 121.03119297282274 16401
1800 15.8 123.07014407387263 16.221003383823085 498.31689453125 96.656005859375 121.0490352339693 16561
1810 28.6 126.604535723066 18.550675995946452 498.31689453125 96.656005859375 121.06813537134025 16719
1820 32.3 125.58751118662926 17.95395246754975 498.31689453125 96.530029296875 121.16124977890235 17005
1830 27.9 126.01881195396497 17.197378632534942 498.31689453125 96.3740234375 121.24375684461656 17328
1840 31.4 124.88217415779259 16.954418468078508 498.31689453125 96.3740234375 121.3194222263118 17607
1850 33.2 129.47135465690894 22.050704151610383 498.31689453125 96.3740234375 121.3818464273321 17921
1860 33.8 127.30488252357621 17.19862286916808 498.31689453125 96.3740234375 121.52898480087177 18253
1870 31.3 126.74501656724236 17.055302110321307 498.31689453125 96.3740234375 121.63399547433066 18591
1880 28.8 125.79509141710072 21.77267621872098 498.31689453125 96.3740234375 121.71862040038236 18904
1890 31.8 125.3089545867728 16.439183055335864 498.31689453125 96.3740234375 121.77979295419722 19192
1900 28.3 125.83094598884718 16.77020705744972 498.31689453125 96.3740234375 121.83731593723972 19510
1910 27.8 142.48996915748643 52.83025982763653 498.31689453125 96.3740234375 121.89441679636188 19793
1920 30.2 140.89061772428605 36.69259739609077 498.31689453125 96.3740234375 122.17968228170852 20071
1930 33.1 127.64305534247545 17.459608915276114 498.31689453125 96.3740234375 122.45704459966163 20373
1940 30.4 127.13805670487251 19.34227506660217 498.31689453125 96.3740234375 122.53995464389807 20704
1950 28.1 127.43021400967527 16.056489925906646 498.31689453125 96.3740234375 122.60649229748414 21008
1960 36 126.11869710286459 18.115723495766474 498.31689453125 96.3740234375 122.67016207065929 21289
1970 28.9 167.29244414332828 96.73325668302601 728.656982421875 96.3740234375 122.72750756521303 21649
1980 29.1 126.6480163364476 21.583905614601534 728.656982421875 96.3740234375 123.3145832635937 21938
1990 30.7 130.76497289800488 21.488010389663263 728.656982421875 96.3740234375 123.3582212600938 22229
2000 35 128.1985372488839 18.629612726809658 728.656982421875 96.3740234375 123.459120832016 22536
2010 30 126.7067041015625 18.27446138737673 728.656982421875 96.3740234375 123.53160163888062 22886
2020 32.1 136.5961320823599 37.8486740571845 728.656982421875 96.3740234375 123.57268378926467 23186
2030 31.7 150.00755834729887 63.3073188276461 728.656982421875 96.3740234375 123.75052557690594 23507
2040 33.9 131.60517563721427 25.723213865626303 728.656982421875 96.3740234375 124.09989929199219 23824
2050 32.8 124.66043686285252 17.675666181216155 728.656982421875 96.3740234375 124.20519617901078 24163
2060 32.6 125.9186517446319 16.902957707238635 728.656982421875 96.3740234375 124.21129306947259 24491
2070 34.6 126.04510956692557 19.458867401432652 728.656982421875 96.3740234375 124.2337212005159 24817
2080 27.7 123.8424614310695 17.552874942815283 728.656982421875 96.3740234375 124.25862842043315 25163
2090 32.3 129.9802185625485 22.707293323659723 728.656982421875 96.3740234375 124.25409704244362 25440
2100 31.7 127.31181532802643 16.89898048003499 728.656982421875 96.3740234375 124.32588748808247 25763
2110 33.2 124.77977044898343 16.552876718552426 728.656982421875 96.3740234375 124.36218116619835 26080
2120 34.2 125.70485611408077 18.98337015835262 728.656982421875 96.3740234375 124.36743028182325 26412
2130 32.5 126.08941030649044 17.680196349566415 728.656982421875 96.3740234375 124.38452677709992 26754
2140 28.8 125.06389787462022 18.578137869548655 728.656982421875 96.3740234375 124.4049886533528 27079
2150 29.8 131.61115689885705 27.537020327236355 728.656982421875 96.3740234375 124.41192276581398 27367
2160 32.2 123.85768421244177 17.200416330911107 728.656982421875 95.64306640625 124.48947099540541 27665
2170 31.8 126.66005951503537 20.421511203754243 728.656982421875 95.64306640625 124.48220207254428 27987
2180 31.6 126.55685849732988 16.946170597108864 728.656982421875 95.64306640625 124.5066697873195 28305
2190 31.5 124.4620334201389 17.356603541202986 728.656982421875 95.64306640625 124.52930560131492 28621
2200 30.6 123.58453089894812 15.391024393707449 728.656982421875 95.64306640625 124.52857327006421 28936
2210 32.3 131.66131799656557 27.610761845126145 728.656982421875 95.64306640625 124.51869443258519 29242
2220 28.8 123.37408532036676 16.508943984756993 728.656982421875 95.64306640625 124.59672816879915 29565
2230 30.9 124.51963712328075 17.292959460621212 728.656982421875 95.64306640625 124.58493300113264 29853
2240 29 125.9565412850215 17.70249785821062 728.656982421875 95.64306640625 124.58426406584134 30162
2250 32.2 126.15111319026592 17.871353499574283 728.656982421875 95.64306640625 124.59733251433609 30452
2260 29.5 124.51957925052966 17.43047520575641 728.656982421875 95.64306640625 124.61359030915149 30774
2270 31.3 136.5206310528155 40.678522986990316 728.656982421875 95.64306640625 124.61269767461889 31069
2280 31.5 127.96020585317463 16.60494796616513 728.656982421875 95.64306640625 124.7314658585261 31382
2290 32.7 127.73677534284197 18.968586317368857 728.656982421875 95.64306640625 124.76355258907833 31697
2300 34.1 125.4747403947489 18.154363744347314 728.656982421875 95.64306640625 124.79391243920576 32024
2310 32.8 125.69338021627296 16.984813507534355 728.656982421875 95.64306640625 124.80108569219016 32365
2320 28.6 125.09670700393356 17.054683537748648 728.656982421875 95.64306640625 124.81003784108745 32693
2330 29.1 134.49735807962838 35.806186582807726 728.656982421875 95.64306640625 124.81252388919606 32979
2340 33.5 127.16284981343284 16.924786712841428 728.656982421875 95.64306640625 124.89723343982473 33270
2350 33.9 125.44827675608407 16.366503981093302 728.656982421875 95.64306640625 124.91981881358336 33605
2360 29.9 126.36354988633988 18.1838482205074 728.656982421875 95.64306640625 124.92509654285827 33944
2370 33.7 125.61551836053413 18.342718444932537 728.656982421875 95.64306640625 124.93765670259022 34243
2380 29.6 126.31715846706079 17.504941511742317 728.656982421875 95.64306640625 124.94426281533536 34580
2390 33.1 129.27226400231297 23.384980259830552 728.656982421875 95.64306640625 124.95591487156058 34876
2400 30.2 122.52322327064363 15.309698378454051 728.656982421875 95.64306640625 124.99649519826491 35207
2410 62.5 143.0220953125001 29.45229304530226 728.656982421875 95.64306640625 124.97546030226272 35509
2420 65.5 145.75246787034828 28.10985115070705 728.656982421875 95.64306640625 125.28760805455691 36134
2430 61.2 137.34986428653488 20.771014009378867 728.656982421875 95.64306640625 125.65196922717219 36789
2440 62.6 138.75005460013972 22.38514716851272 728.656982421875 95.64306640625 125.8433842100959 37401
2450 44.3 3568.6229013826187 2649.6530106961654 8758.0830078125 75.612060546875 126.05585365717738 38027
2460 84.8 1280.2597866418237 1035.832757718546 8758.0830078125 75.612060546875 165.69861950439264 38470
2470 62.2 142.00271105996276 23.003249354696468 8758.0830078125 75.612060546875 189.73717359495018 39318
2480 61.9 142.72231705623992 23.058707528288107 8758.0830078125 75.612060546875 188.99378762357406 39940
2490 62.1 139.94236983884358 21.683134398312834 8758.0830078125 75.612060546875 188.28760551155995 40559
2500 64.1 139.80352430894112 21.462738624609425 8758.0830078125 75.612060546875 187.55855278322684 41180
2510 62.5 144.92780312500008 31.678153127736184 8758.0830078125 75.612060546875 186.82660057615342 41821
2520 63.6 139.4332640066086 24.592515017258496 8758.0830078125 75.612060546875 186.20965791001362 42446
2530 62.9 137.49615662882545 23.407501699880424 8758.0830078125 75.612060546875 185.5191192506532 43082
2540 64.3 140.1531190768369 24.331649328735594 8758.0830078125 75.612060546875 184.82807023577985 43711
2550 64.7 140.02623247621224 24.134975599737043 8758.0830078125 75.612060546875 184.18041740638 44354
2560 62.5 135.6413570312499 20.52831817788553 8758.0830078125 75.612060546875 183.5455924547163 45001
2570 64.9 153.64672701090612 42.1933194466373 8758.0830078125 75.612060546875 182.88938443429666 45626
2580 62.4 137.82994862091846 20.925854651090354 8758.0830078125 75.612060546875 182.4792605084667 46275
2590 55.8 136.2252302272345 22.295524441763035 8758.0830078125 75.612060546875 181.88519303116803 46899
2600 59.6 136.9378830058463 20.897821635374672 8758.0830078125 75.612060546875 181.34832261701217 47457
2610 63 139.91552811879953 22.905019098323123 8758.0830078125 75.612060546875 180.79750119049865 48053
2620 62.8 139.11824920071157 23.775319264902983 8758.0830078125 75.612060546875 180.26845320588038 48683
2630 62.1 143.31786912804438 31.573202990764404 8758.0830078125 75.612060546875 179.74438498347067 49311
2640 68.2 143.3727447420267 23.817379399482714 8758.0830078125 75.612060546875 179.291351531051 49932
2650 61.6 137.82936591606642 22.06103349745659 8758.0830078125 75.612060546875 178.80736508796974 50614
2660 66.6 141.81948953347856 23.328454032959357 8758.0830078125 75.612060546875 178.31463724315435 51230
2670 57.9 137.1313729557966 19.296988028988586 8758.0830078125 75.612060546875 177.84628190989852 51896
2680 61.3 138.57732248228476 21.842565958450177 8758.0830078125 75.612060546875 177.3970407039066 52475
2690 66.2 150.39212893575356 32.68124412639145 8758.0830078125 75.612060546875 176.94879463568302 53088
2700 62.8 140.25527740284124 25.714594753230728 8758.0830078125 75.612060546875 176.62171532976018 53750
2710 68.3 140.26787445381117 22.275465668711256 8758.0830078125 75.612060546875 176.20172704372345 54378
2720 33.8 141.58911638429183 26.721533481150793 8758.0830078125 75.612060546875 175.75598829362974 55061
2730 88.3 2492.726002884341 2167.521126955321 8758.0830078125 75.612060546875 175.54752960835822 55399
2740 65 145.19589731069698 25.705608256102742 8758.0830078125 75.612060546875 211.90140103976955 56282
2750 62.4 147.234610924354 31.724731631513556 8758.0830078125 75.612060546875 211.13981568489186 56932
2760 62.9 141.6980578205735 26.958000309390002 8758.0830078125 75.612060546875 210.44698005054315 57556
2770 61.6 137.69606711647708 22.658001948321562 8758.0830078125 75.612060546875 209.70378039285384 58185
2780 62.3 139.00534131094523 25.186352047349573 8758.0830078125 75.612060546875 208.94942670196002 58801
2790 64.7 137.03851007051773 20.69666999204947 8758.0830078125 75.612060546875 208.21613434199432 59424
2800 61.1 135.27870670199957 19.507731599583675 8758.0830078125 75.612060546875 207.4495094663697 60071
2810 62.5 156.60084414062507 47.00879847632248 8758.0830078125 75.612060546875 206.72283004761243 60682
2820 62.3 136.56113155848718 23.555685077944716 8758.0830078125 75.612060546875 206.21185672985317 61307
2830 61.4 137.7844266114871 24.02628468291655 8758.0830078125 75.612060546875 205.5111882043928 61930
2840 62.4 138.1836626101763 23.331806309562342 8758.0830078125 75.612060546875 204.84630857376405 62544
2850 69.3 143.29933965773807 24.03537311343288 8758.0830078125 75.612060546875 204.1877869950964 63168
2860 64.4 104.1728519416003 50.19583510029574 8758.0830078125 28.7412109375 203.52704422556897 63861
2870 58.3 130.3641949975879 145.66264739946936 8758.0830078125 28.7412109375 202.53511957118752 64505
2880 63.6 143.52000302488693 145.99321374705184 8758.0830078125 28.7412109375 201.88867707754187 65088
2890 64.2 129.35290489315622 20.19423857155955 8758.0830078125 28.7412109375 201.32385331913568 65724
2900 62.3 129.199583589361 17.981842943904088 8758.0830078125 28.7412109375 200.62763313275292 66366
2910 63.1 130.85063778352807 19.633339345130025 8758.0830078125 28.7412109375 199.96334981958907 66989
2920 62.9 133.0008938884889 46.88408554030932 8758.0830078125 28.7412109375 199.31842048958677 67620
2930 61.5 161.0918127540651 75.74195700556378 8758.0830078125 28.7412109375 198.70722143565058 68249
2940 62.5 132.53590273437516 18.676949985050758 8758.0830078125 28.7412109375 198.37129153992603 68864
2950 62 142.867277280746 51.130022742842726 8758.0830078125 28.7412109375 197.77915295679102 69489
2960 65.4 133.85552175912645 21.01750059332449 8758.0830078125 28.7412109375 197.29354678755243 70109
2970 62.7 130.69718463417055 19.839982365121884 8758.0830078125 28.7412109375 196.70724507099732 70763
2980 59.5 129.52662363773624 44.558690745983974 8758.0830078125 28.7412109375 196.12749569582024 71390
2990 33.6 158.68077959333144 88.88183029870557 8758.0830078125 28.7412109375 195.57699880237632 71985
3000 92.9 2109.396873055286 2093.197978789675 8758.0830078125 28.7412109375 195.4055806851733 72321
3010 110.8 333.6583809422242 171.37635396046045 8758.0830078125 28.7412109375 219.67995489147822 73250
3020 116.7 978.3015741317213 191.9579873109878 8758.0830078125 28.7412109375 221.37833430007214 74358
3030 99.1 1889.4680254615757 1370.8555487630742 8758.0830078125 27.903076171875 233.074188929447 75525
3040 126 3434.4636753627233 1221.2576726137181 8758.0830078125 27.89208984375 254.5270392091707 76516
3050 124.7 3181.0917888479244 1011.2842647961551 8758.0830078125 27.8291015625 306.0431902268815 77776
3060 123.8 3208.967388294817 962.5684752486021 8758.0830078125 27.657958984375 351.4120777973413 79023
3070 125.6 3158.0083217742344 957.1852812006533 8758.0830078125 27.657958984375 395.48894544658407 80261
3080 126.4 3145.0719627670096 987.6428244240076 8758.0830078125 27.657958984375 438.0533717216866 81517
3090 116.9 3286.179150348857 248.30534816145592 8758.0830078125 27.657958984375 479.38739159437824 82781
3100 124.8 3122.980031527006 910.8652731294918 8758.0830078125 27.657958984375 518.4718414572012 83950
3110 124.4 3208.6988574454253 1076.5504174321793 8758.0830078125 27.657958984375 556.6232795332959 85198
3120 123.7 3210.0818907260486 952.0161048958195 8758.0830078125 27.657958984375 594.7897034814077 86442
3130 124.2 3211.6002187437075 918.2980140895121 8758.0830078125 27.657958984375 631.6869814569963 87679
3140 125.3 3469.7223322229775 1553.735437759199 8877.075927734375 27.657958984375 667.7218015862132 88921
3150 128 3138.8934762954714 956.8850841175865 8877.075927734375 27.657958984375 706.6566016936486 90174
3160 128.1 3107.2878175924543 1062.043557352265 8877.075927734375 27.657958984375 740.6984500490003 91454
3170 131.4 3020.6526910093803 1341.17017778478 8877.075927734375 27.657958984375 773.3894618549328 92735
3180 132.1 3048.0352355356395 1234.295112279225 8877.075927734375 27.657958984375 804.7869661676735 94049
3190 117.6 3334.10534045161 712.8026004541364 8877.075927734375 27.657958984375 835.8589066503733 95370
3200 124.5 3209.0568967275376 873.7705997824504 8877.075927734375 27.657958984375 866.2893523047791 96546
3210 123.6 3192.1810555566144 1011.0371613902181 8877.075927734375 27.657958984375 896.1156716266628 97791
3220 124.6 3192.6666191186778 951.7128725537057 8877.075927734375 27.657958984375 924.7738841801827 99027
3230 122.3 3190.377412460713 1426.7261758504683 8877.075927734375 27.657958984375 952.9548935020676 100273
3240 121.7 3322.797484047603 845.7004396304039 8877.075927734375 27.657958984375 979.9152440645177 101496
3250 127.1 3382.2836994738404 1490.2648702774845 8877.075927734375 27.657958984375 1007.6749987796892 102713
3260 121.7 3254.969980934162 780.3793174583096 8877.075927734375 27.657958984375 1036.6999224081537 103984
3270 121.6 3236.898863742226 753.1016114416358 8877.075927734375 27.657958984375 1062.3616049133213 105201
3280 132.1 3025.2156776353154 1114.8011688567285 8877.075927734375 27.637939453125 1087.2094892432306 106417
3290 120.1 3303.779741654089 837.318572989192 8877.075927734375 27.637939453125 1110.9718217059265 107738
3300 121.7 3186.805521630416 678.7666090087533 8877.075927734375 27.637939453125 1135.146472766224 108939
3310 121.7 3238.780411857409 659.0441274463316 8877.075927734375 27.637939453125 1157.8131369739633 110156
3320 124.1 3172.6949758967694 736.4431755797177 8877.075927734375 27.637939453125 1180.5523751513776 111373
3330 123.6 3192.6929131665265 772.8061801168367 8877.075927734375 27.637939453125 1202.5056755183393 112614
3340 146.8 2471.4161616437145 1385.6738742368868 8877.075927734375 27.637939453125 1224.1119243170497 113850
3350 126.8 349.6999111235705 274.3115128676158 8877.075927734375 27.637939453125 1239.9901273763771 115318
3360 126 193.4656523204982 55.12191080238053 8877.075927734375 27.637939453125 1230.3072495504928 116586
3370 119.3 170.41255283915282 41.00503998721543 8877.075927734375 27.637939453125 1219.221422178246 117846
3380 126.9 196.63119720867806 57.244527058542566 8877.075927734375 27.637939453125 1208.7103377343115 119039
3390 124.9 163.72452590979037 32.50000040135802 8877.075927734375 27.637939453125 1198.0350008545774 120308
3400 123.1 171.1745365492993 38.981385224966075 8877.075927734375 27.637939453125 1187.4074451958656 121557
3410 119.9 224.67318183447142 73.89219815485478 8877.075927734375 27.637939453125 1177.219293987735 122788
3420 125.9 307.14010763130455 173.47158351304097 8877.075927734375 27.637939453125 1168.007821910245 123987
3430 123.3 158.28096012013393 131.42283439970512 8877.075927734375 27.637939453125 1159.3541926344424 125246
3440 121.6 124.12159126683285 78.0708685532214 8877.075927734375 27.637939453125 1149.5950761353386 126479
3450 119.4 132.6672144495263 35.12877982161982 8877.075927734375 27.637939453125 1139.8298092290377 127695
3460 123.2 133.56302712180408 21.785044187078757 8877.075927734375 27.637939453125 1130.4996713726903 128889
3470 121.6 146.08966927779372 44.09784052234333 8877.075927734375 27.637939453125 1121.060565112232 130121
3480 100.3 136.23126810973338 29.99838058574461 8877.075927734375 27.637939453125 1112.0336754365528 131337
3490 148.7 2700.2394638625906 2121.3683554686922 8877.075927734375 27.637939453125 1104.638104826391 132340
3500 121.9 137.43289797926084 29.617808919351912 8877.075927734375 27.637939453125 1122.3674062445416 133827
3510 126.5 132.52710906620538 19.551149007503962 8877.075927734375 27.637939453125 1113.4768418029782 135046
3520 121.6 128.7300447162832 17.750718569674138 8877.075927734375 27.637939453125 1104.3733841809812 136311
3530 85.5 140.13503175255826 49.59213517704658 8877.075927734375 27.637939453125 1095.7468432051069 137527
3540 162.7 2527.5037284340015 1983.251535984517 8877.075927734375 27.637939453125 1089.8425485801415 138382
3550 129.1 134.71013624219339 18.794391775959483 8877.075927734375 27.637939453125 1106.54915129584 140009
3560 125.5 132.3282576724349 19.329042815683685 8877.075927734375 27.637939453125 1097.6698578178903 141300
3570 119.2 133.37563472466158 21.25408596775475 8877.075927734375 27.637939453125 1089.1713575325089 142555
3580 129.5 132.2926378876085 34.44548240458498 8877.075927734375 27.637939453125 1081.2455677658568 143747
3590 122.1 136.1422574029995 25.866203250068857 8877.075927734375 27.637939453125 1072.77289058137 145042
3600 125.4 129.19364809951898 18.61861933385336 8877.075927734375 27.637939453125 1064.9539206223865 146263
3610 213.4 586.3687966086638 273.3509823677363 8877.075927734375 27.637939453125 1056.9992890765736 147517
3620 212.8 1417.6308752074258 295.97884130767454 8877.075927734375 27.637939453125 1050.2881714032771 149651
3630 215.1 2195.846190611742 465.59216736652604 8877.075927734375 27.637939453125 1055.4384575014542 151779
3640 193.2 3068.924095896212 732.4089122270076 8877.075927734375 27.625 1071.3743831424613 153930
3650 269.7 3041.4675502076966 1772.3084089885433 8877.075927734375 27.4091796875 1096.1351718211658 155862
3660 275.8 3811.6501417042564 3313.5655063467875 18584.866943359375 27.4091796875 1129.2241886824506 158559
3670 240.7 3048.75788816635 1028.9978075282743 18584.866943359375 27.4091796875 1175.0850141282135 161317
3680 248.3 2919.3074925115748 1374.6791158901506 18584.866943359375 27.4091796875 1202.630948797595 163724
3690 240.7 3107.5694518713326 1094.3839352199398 18584.866943359375 27.4091796875 1228.276727002134 166207
3700 246.5 2975.639266330186 1100.401300702098 18584.866943359375 27.4091796875 1255.10402241509 168614
3710 245.1 3000.6483475534583 1222.5318022222502 18584.866943359375 27.4091796875 1279.8944372307642 171079
3720 242 3034.516760153016 1114.859779011578 18584.866943359375 27.4091796875 1304.1989830395632 173530
3730 245.3 2981.3016818731207 1148.1151716386105 18584.866943359375 27.4091796875 1327.9976134494216 175950
3740 243.9 3024.929534749451 1231.91893331734 18584.866943359375 27.4091796875 1350.730162116447 178403
3750 234.3 3084.8301241814065 961.2387016041387 18584.866943359375 27.4091796875 1373.3099404304 180842
3760 250.1 3174.5320996601354 2169.5339944615525 18584.866943359375 27.4091796875 1395.2008801390475 183185
3770 205.9 3333.3872150941706 1807.5257565750856 18584.866943359375 27.4091796875 1419.1666469713464 185686
3780 271.2 3931.6976339064468 3223.8496500445954 18584.866943359375 27.087890625 1440.1599099065238 187745
3790 239.2 3069.2214800474244 1140.2710507770248 18584.866943359375 27.087890625 1475.6379984382545 190457
3800 299.2 1693.4686832529967 2341.44697940557 18584.866943359375 27.087890625 1495.4039899031266 192849
3810 256.8 1871.8365341614322 4211.3156981330785 18584.866943359375 26.867919921875 1498.429962822499 195841
3820 233.3 1207.7115313697157 2016.2901324205473 18584.866943359375 26.867919921875 1503.2629496083725 198409
3830 222.8 1648.2952217910192 218.48248317605126 18584.866943359375 26.867919921875 1499.8280856598676 200742
3840 231.3 2790.3389745333775 2059.585714176523 18584.866943359375 26.867919921875 1501.4578081769894 202970
3850 232.2 2618.9805950260015 1667.560371126705 18584.866943359375 26.867919921875 1515.980112205001 205283
3860 232.4 3265.298257062851 1197.4131710291635 18584.866943359375 26.867919921875 1528.3168435992852 207605
3870 240.5 3282.1176301000487 695.8108630660213 18584.866943359375 26.867919921875 1547.5459391739287 209929
3880 245.2 3062.739466407371 1648.7379916840584 18584.866943359375 26.867919921875 1567.192556845509 212334
3890 224.7 3154.225501080427 2102.19786793208 18584.866943359375 26.867919921875 1584.2657414210664 214786
3900 254 3925.9982306532943 3170.1529603492736 18584.866943359375 26.867919921875 1600.5199496749015 217033
3910 226.2 3362.17721565712 1731.7915055478115 18584.866943359375 26.867919921875 1627.42086569684 219573
3920 264.6 4325.567483845742 3437.6191421028357 18736.2021484375 26.867919921875 1645.1097735049414 221835
3930 241.7 3416.5994804865286 1602.532247439772 18812.737060546875 26.867919921875 1676.7048354547803 224481
3940 241.6 3386.0667389118107 1608.7107120663504 33503.328125 26.867919921875 1695.2388258691592 226898
3950 239.9 3278.841312359156 1084.493516893333 33503.328125 26.867919921875 1713.0530031017356 229314
3960 246 3278.5657534219404 1025.2600297539798 33503.328125 26.867919921875 1729.2641183775663 231713
3970 234.7 3149.7861075350506 1115.2845715166552 33503.328125 26.867919921875 1745.5396156475726 234173
3980 315.7 1918.052902419841 1950.6757171954982 33503.328125 26.867919921875 1759.4740250694392 236520
3990 246.6 1966.189700136701 4490.870545373959 33503.328125 26.867919921875 1761.5628092072382 239677
4000 273.3 1087.0479555433565 2782.44440906441 33503.328125 26.867919921875 1763.646742721864 242143
4010 173.4 271.9644047474228 333.98787272269504 33503.328125 26.867919921875 1756.0953923022278 244876
4020 219.3 2280.780939730999 3283.561046321112 33503.328125 26.867919921875 1745.6599552460661 246610
4030 244.4 3636.1515436000777 2000.1045202122925 33503.328125 26.867919921875 1750.3766199123902 248803
4040 218 3886.6900202479933 2603.30256329499 33503.328125 26.867919921875 1768.7204565094153 251247
4050 302 3385.906007718724 3946.8955063293038 33503.328125 26.867919921875 1786.9394057490388 253427
4060 275.1 934.633091429111 2283.7286008131196 33947.865966796875 26.867919921875 1805.7693360580245 256447
4070 227.7 171.65907043001351 62.424336418571215 33947.865966796875 26.867919921875 1796.5235247131293 259198
4080 250.8 364.3107500334866 1448.6089005885378 33947.865966796875 26.867919921875 1782.3737346284074 261475
4090 244.6 144.77621587221483 25.82773771811776 33947.865966796875 26.867919921875 1768.901268729603 263983
4100 148 3077.915785835891 2228.1976633748814 33947.865966796875 26.867919921875 1753.990692631321 266429
4110 311.1 3300.3456073051066 3639.2796287018236 33947.865966796875 26.867919921875 1761.3044041450917 267909
4120 286 851.6367991627499 667.8728308403903 33947.865966796875 26.867919921875 1778.9708390319295 271020
4130 243.6 155.53605814716116 39.21093284843092 33947.865966796875 26.867919921875 1769.2871258946948 273880
4140 203.9 141.9718151083175 20.29444341388387 33947.865966796875 26.867919921875 1755.0603073209134 276316
4150 263.2 993.1659096946813 2720.905885970048 33947.865966796875 26.867919921875 1743.2441465347895 278355
4160 235.5 142.1480291475915 21.19235413820598 33947.865966796875 26.867919921875 1736.2181776488155 280987
4170 250.5 471.47343389393086 1773.4197129710512 33947.865966796875 26.867919921875 1722.9690469173308 283342
4180 243 139.66590129083067 20.806149471450738 33947.865966796875 26.867919921875 1712.0016534843976 285847
4190 253 155.94592642199837 40.8177476478656 33947.865966796875 26.867919921875 1698.7478181876852 288277
4200 237.6 139.73875935872394 21.465923105554094 33947.865966796875 26.867919921875 1685.325552608909 290807
4210 8.5 134.71659007352943 18.153583641598 33947.865966796875 26.867919921875 1672.7998801764609 293183
4220 0 0 0 33947.865966796875 26.867919921875 1672.35408629626 293268
4230 0 0 0 33947.865966796875 26.867919921875 1672.35408629626 293268
4240 0 0 0 33947.865966796875 26.867919921875 1672.35408629626 293268
4250 0 0 0 33947.865966796875 26.867919921875 1672.35408629626 293268
4260 0 0 0 33947.865966796875 26.867919921875 1672.35408629626 293268
4260 0 0 0 33947.865966796875 26.867919921875 1672.35408629626 293268
