10 769.51015625 769.51015625
20 989.2765625 1758.78671875
30 857.47109375 2616.2578125
40 879.36484375 3495.62265625
50 659.62734375 4155.25
60 1143.34140625 5298.59140625
70 1033.32421875 6331.915625
80 923.37890625 7255.29453125
90 1055.31484375 8310.609375
100 769.48671875 9080.09609375
110 725.66484375 9805.7609375
120 527.75546875 10333.51640625
130 813.55546875 11147.071875
140 659.55859375 11806.63046875
150 879.4890625 12686.11953125
160 681.5703125 13367.68984375
170 1099.259375 14466.94921875
180 747.59921875 15214.5484375
190 769.5359375 15984.084375
200 1033.33828125 17017.42265625
210 879.42421875 17896.846875
220 571.7125 18468.559375
230 901.4 19369.959375
240 813.60625 20183.565625
250 637.68359375 20821.24921875
260 813.49140625 21634.740625
270 835.5921875 22470.3328125
280 1187.14921875 23657.48203125
290 725.55234375 24383.034375
300 879.4671875 25262.5015625
310 945.35078125 26207.85234375
320 945.39375 27153.24609375
330 857.44375 28010.68984375
340 747.46171875 28758.1515625
350 989.3484375 29747.5
360 1011.36015625 30758.86015625
370 791.50234375 31550.3625
380 681.46953125 32231.83203125
390 1406.96640625 33638.7984375
400 901.3578125 34540.15625
410 1121.2203125 35661.3765625
420 857.41875 36518.7953125
430 1033.3015625 37552.096875
440 1143.2359375 38695.3328125
450 901.40078125 39596.73359375
460 769.52734375 40366.2609375
470 879.38984375 41245.65078125
480 1077.2671875 42322.91796875
490 1055.34296875 43378.2609375
500 813.48515625 44191.74609375
510 637.5875 44829.33359375
520 857.50390625 45686.8375
530 879.4765625 46566.3140625
540 835.46484375 47401.77890625
550 967.42578125 48369.2046875
560 1055.34609375 49424.55078125
570 1231.209375 50655.76015625
580 1187.26875 51843.02890625
590 901.41953125 52744.4484375
600 21.9921875 52766.440625
610 1627.05078125 54393.49140625
620 1517.0171875 55910.50859375
630 1516.99921875 57427.5078125
640 1692.865625 59120.3734375
650 1670.86875 60791.2421875
660 1802.69375 62593.9359375
670 2000.53359375 64594.46953125
680 1648.878125 66243.34765625
690 2110.440625 68353.78828125
700 1736.62734375 70090.415625
710 1494.96328125 71585.37890625
720 1604.85859375 73190.2375
730 1978.6578125 75168.8953125
740 1846.73203125 77015.62734375
750 2000.7046875 79016.33203125
760 2000.5984375 81016.93046875
770 1648.92578125 82665.85625
780 1758.853125 84424.709375
790 1802.69296875 86227.40234375
800 1385.0390625 87612.44140625
810 1824.8515625 89437.29296875
820 1912.66875 91349.96171875
830 1912.7078125 93262.66953125
840 1802.8375 95065.50703125
850 1758.7875 96824.29453125
860 2220.48984375 99044.784375
870 1692.95234375 100737.73671875
880 1824.78515625 102562.521875
890 2242.49140625 104805.01328125
900 2154.61953125 106959.6328125
910 1626.85546875 108586.48828125
920 1494.86015625 110081.3484375
930 2022.61796875 112103.96640625
940 1978.7078125 114082.67421875
950 1714.734375 115797.40859375
960 1671.003125 117468.41171875
970 1824.76015625 119293.171875
980 1824.846875 121118.01875
990 1846.6125 122964.63125
1000 1582.85 124547.48125
1010 2110.43359375 126657.91484375
1020 1385.0109375 128042.92578125
1030 2198.58515625 130241.5109375
1040 1758.740625 132000.2515625
1050 2088.65 134088.9015625
1060 1604.99296875 135693.89453125
1070 1560.9890625 137254.88359375
1080 1912.68671875 139167.5703125
1090 2044.67265625 141212.24296875
1100 1604.91953125 142817.1625
1110 1758.8765625 144576.0390625
1120 2044.60390625 146620.64296875
1130 1714.74609375 148335.3890625
1140 1670.8125 150006.2015625
1150 1802.78984375 151808.99140625
1160 2198.4203125 154007.41171875
1170 1538.8875 155546.29921875
1180 2000.55546875 157546.8546875
1190 747.4921875 158294.346875
1200 0 158294.346875
1210 3605.64140625 161899.98828125
1220 3495.64140625 165395.6296875
1230 3759.52265625 169155.15234375
1240 3583.446875 172738.59921875
1250 3143.8671875 175882.46640625
1260 3495.69375 179378.16015625
1270 3253.89296875 182632.053125
1280 3297.615625 185929.66875
1290 3517.48984375 189447.15859375
1300 3451.55078125 192898.709375
1310 3605.453125 196504.1625
1320 3077.9578125 199582.1203125
1330 3253.80546875 202835.92578125
1340 3407.57109375 206243.496875
1350 3759.40234375 210002.89921875
1360 4155.07421875 214157.9734375
1370 3341.7453125 217499.71875
1380 4067.01171875 221566.73046875
1390 3077.796875 224644.52734375
1400 3605.52734375 228250.0546875
1410 2924.06953125 231174.12421875
1420 3781.46328125 234955.5875
1430 3209.7828125 238165.3703125
1440 3605.509375 241770.8796875
1450 3759.32890625 245530.20859375
1460 3517.646875 249047.85546875
1470 3231.7671875 252279.62265625
1480 3451.6 255731.22265625
1490 3209.90234375 258941.125
1500 3869.36875 262810.49375
1510 3231.88984375 266042.38359375
1520 3231.73984375 269274.1234375
1530 3825.26953125 273099.39296875
1540 3935.25234375 277034.6453125
1550 3473.65859375 280508.30390625
1560 3517.49765625 284025.8015625
1570 3561.61953125 287587.42109375
1580 3627.37890625 291214.8
1590 3385.48515625 294600.28515625
1600 3847.45625 298447.74140625
1610 3627.46328125 302075.2046875
1620 3187.653125 305262.8578125
1630 3121.7890625 308384.646875
1640 3099.87890625 311484.52578125
1650 3759.41484375 315243.940625
1660 3649.4953125 318893.4359375
1670 3913.53203125 322806.96796875
1680 3473.66328125 326280.63125
1690 3671.45625 329952.0875
1700 2748.165625 332700.253125
1710 3231.9453125 335932.1984375
1720 3209.78828125 339141.98671875
1730 3539.4125 342681.39921875
1740 2989.82890625 345671.228125
1750 3891.21328125 349562.44140625
1760 3759.48515625 353321.9265625
1770 3539.42265625 356861.34921875
1780 3627.53984375 360488.8890625
1790 3539.48828125 364028.37734375
1800 3341.68046875 367370.0578125
1810 6442.01875 373812.0765625
1820 6969.29140625 380781.36796875
1830 6199.88125 386981.24921875
1840 6771.23984375 393752.4890625
1850 7277.31171875 401029.80078125
1860 7496.975 408526.77578125
1870 6947.29375 415474.06953125
1880 6309.784375 421783.85390625
1890 6947.3875 428731.24140625
1900 6287.8609375 435019.10234375
1910 6177.84296875 441196.9453125
1920 6661.38671875 447858.33203125
1930 7233.3921875 455091.72421875
1940 6749.9 461841.62421875
1950 6178.03828125 468019.6625
1960 7870.55859375 475890.22109375
1970 6397.88203125 482288.103125
1980 6397.684375 488685.7875
1990 6485.925 495171.7125
2000 7673.11171875 502844.82421875
2010 6639.8453125 509484.66953125
2020 6925.4625 516410.13203125
2030 7189.6421875 523599.77421875
2040 7387.43046875 530987.2046875
2050 7189.6828125 538176.8875
2060 7211.3921875 545388.2796875
2070 7673.1515625 553061.43125
2080 6002.05703125 559063.48828125
2090 7079.7890625 566143.27734375
2100 7035.44140625 573178.71875
2110 7321.29140625 580500.01015625
2120 7606.790625 588106.80078125
2130 7101.46484375 595208.265625
2140 6221.86875 601430.134375
2150 6706.06484375 608136.19921875
2160 7101.17265625 615237.371875
2170 7013.6734375 622251.0453125
2180 6859.453125 629110.4984375
2190 7013.2921875 636123.790625
2200 6771.61484375 642895.40546875
2210 7101.5609375 649996.96640625
2220 6287.71171875 656284.678125
2230 6837.61328125 663122.29140625
2240 6177.84296875 669300.134375
2250 6991.5546875 676291.6890625
2260 6419.6671875 682711.35625
2270 6881.634375 689592.990625
2280 6925.45078125 696518.44140625
2290 7233.284375 703751.72578125
2300 7453.2828125 711205.00859375
2310 7255.50546875 718460.5140625
2320 6397.9234375 724858.4375
2330 6398.20078125 731256.63828125
2340 7365.0765625 738621.71484375
2350 7365.48671875 745987.2015625
2360 6661.9828125 752649.184375
2370 7321.32265625 759970.50703125
2380 6683.64296875 766654.15
2390 7167.50390625 773821.65390625
2400 6749.6765625 780571.33046875
2410 13632.01484375 794203.3453125
2420 14313.7140625 808517.059375
2430 13675.91875 822192.978125
2440 13610.07578125 835803.05390625
2450 9620.69453125 845423.7484375
2460 18803.0734375 864226.821875
2470 13681.87890625 877908.70078125
2480 13678.03671875 891586.7375
2490 12928.85703125 904515.59453125
2500 14049.7859375 918565.38046875
2510 13786.2609375 932351.64140625
2520 13851.82421875 946203.465625
2530 14006.23671875 960209.70234375
2540 14248.1625 974457.86484375
2550 14291.525 988749.38984375
2560 13587.67265625 1002337.0625
2570 14511.83359375 1016848.89609375
2580 13653.8453125 1030502.74140625
2590 12180.85703125 1042683.5984375
2600 13279.85 1055963.4484375
2610 13961.81640625 1069925.26484375
2620 13851.4296875 1083776.69453125
2630 13566.0046875 1097342.69921875
2640 14994.9359375 1112337.63515625
2650 13653.65234375 1125991.2875
2660 14620.89765625 1140612.18515625
2670 12752.31640625 1153364.5015625
2680 13543.66328125 1166908.16484375
2690 14599.346875 1181507.51171875
2700 13785.68203125 1195293.19375
2710 15016.5859375 1210309.7796875
2720 7563.371875 1217873.1515625
2730 19373.0953125 1237246.246875
2740 13595.68203125 1250841.92890625
2750 13700.42421875 1264542.353125
2760 13830.11796875 1278372.47109375
2770 13763.675 1292136.14609375
2780 13653.52265625 1305789.66875
2790 14181.55 1319971.21875
2800 13675.24609375 1333646.46484375
2810 13521.89453125 1347168.359375
2820 13806.90703125 1360975.26640625
2830 13675.88984375 1374651.15625
2840 13632.0453125 1388283.2015625
2850 15171.6953125 1403454.896875
2860 10728.4296875 1414183.3265625
2870 10297.2734375 1424480.6
2880 14093.0125 1438573.6125
2890 14093.403125 1452667.015625
2900 13719.14296875 1466386.15859375
2910 13806.97421875 1480193.1328125
2920 13917.3515625 1494110.484375
2930 13543.7703125 1507654.2546875
2940 13917.04296875 1521571.29765625
2950 13565.2046875 1535136.50234375
2960 14466.84765625 1549603.35
2970 13807.48671875 1563410.83671875
2980 13081.84921875 1576492.6859375
2990 7409.4734375 1583902.159375
3000 19835.065625 1603737.225
3010 23907.06796875 1627644.29296875
3020 25638.78046875 1653283.0734375
3030 16463.32578125 1669746.39921875
3040 25833.43828125 1695579.8375
3050 25177.70625 1720757.54375
3060 25065.36171875 1745822.90546875
3070 25574.85703125 1771397.7625
3080 25522.175 1796919.9375
3090 25836.5765625 1822756.5140625
3100 25494.9140625 1848251.428125
3110 24775.79453125 1873027.22265625
3120 25229.5828125 1898256.80546875
3130 25384.55703125 1923641.3625
3140 21409.91328125 1945051.27578125
3150 25996.875 1971048.15078125
3160 25507.4625 1996555.61328125
3170 24465.70546875 2021021.31875
3180 25249.09921875 2046270.41796875
3190 24907.475 2071177.89296875
3200 25635.528125 2096813.42109375
3210 24969.67421875 2121783.0953125
3220 25370.10625 2147153.2015625
3230 22926.540625 2170079.7421875
3240 25355.153125 2195434.8953125
3250 20323.5265625 2215758.421875
3260 25498.38046875 2241256.80234375
3270 25587.91953125 2266844.721875
3280 25799.2171875 2292643.9390625
3290 24962.1421875 2317606.08125
3300 25867.1421875 2343473.2234375
3310 25858.9234375 2369332.146875
3320 26070.31171875 2395402.45859375
3330 25836.3953125 2421238.85390625
3340 26117.74296875 2447356.596875
3350 27823.54375 2475180.140625
3360 27752.9296875 2502933.0703125
3370 26320.91484375 2529253.98515625
3380 28212.36328125 2557466.3484375
3390 27222.26015625 2584688.60859375
3400 27200.07109375 2611888.6796875
3410 26870.97421875 2638759.65390625
3420 27265.8125 2666025.46640625
3430 25274.11171875 2691299.578125
3440 23995.07421875 2715294.65234375
3450 26122.9921875 2741417.64453125
3460 27310.37578125 2768728.0203125
3470 26673.45859375 2795401.47890625
3480 22275.2046875 2817676.68359375
3490 32702.76796875 2850379.4515625
3500 25451.9625 2875831.4140625
3510 27998.0265625 2903829.440625
3520 26739.13828125 2930568.57890625
3530 19988.625 2950557.20390625
3540 34549.86015625 2985107.0640625
3550 28533.02734375 3013640.09140625
3560 27909.06484375 3041549.15625
3570 26080.06171875 3067629.21796875
3580 28497.8296875 3096127.04765625
3590 26805.56875 3122932.61640625
3600 27772.2140625 3150704.83046875
3610 46444.01796875 3197148.8484375
3620 46906.54140625 3244055.38984375
3630 47389.94296875 3291445.3328125
3640 41802.86171875 3333248.19453125
3650 43732.26875 3376980.46328125
3660 48117.2234375 3425097.68671875
3670 48064.90546875 3473162.5921875
3680 45502.1296875 3518664.721875
3690 47654.6484375 3566319.3703125
3700 48301.12578125 3614620.49609375
3710 46825.13359375 3661445.6296875
3720 47382.1203125 3708827.75
3730 47733.4703125 3756561.2203125
3740 46474.1140625 3803035.334375
3750 45412.5796875 3848447.9140625
3760 47729.0203125 3896176.934375
3770 41715.2734375 3937892.2078125
3780 46967.63203125 3984859.83984375
3790 47344.8765625 4032204.71640625
3800 38502.35546875 4070707.071875
3810 46256.72578125 4116963.79765625
3820 51461.5140625 4168425.31171875
3830 49015.765625 4217441.07734375
3840 51061.6890625 4268502.76640625
3850 51149.1953125 4319651.96171875
3860 51046.18203125 4370698.14375
3870 51005.909375 4421704.053125
3880 48997.728125 4470701.78125
3890 49098.878125 4519800.659375
3900 50901.0875 4570701.746875
3910 42517.20234375 4613218.94921875
3920 48755.8875 4661974.83671875
3930 47614.5859375 4709589.42265625
3940 50485.83125 4760075.25390625
3950 48062.8046875 4808138.05859375
3960 49798.0140625 4857936.07265625
3970 46532.2546875 4904468.32734375
3980 45437.28359375 4949905.6109375
3990 54765.95625 5004671.5671875
4000 59554.57578125 5064226.14296875
4010 38283.509375 5102509.65234375
4020 50993.87734375 5153503.5296875
4030 51303.93203125 5204807.46171875
4040 48053.59375 5252861.05546875
4050 66616.92890625 5319477.984375
4060 61228.18046875 5380706.16484375
4070 49791.10234375 5430497.2671875
4080 55458.06484375 5485955.33203125
4090 53895.571875 5539850.90390625
4100 32395.3171875 5572246.22109375
4110 68508.159375 5640754.38046875
4120 63555.6625 5704310.04296875
4130 53352.653125 5757662.69609375
4140 45100.81484375 5802763.5109375
4150 57831.84296875 5860595.35390625
4160 51872.08984375 5912467.44375
4170 55323.83984375 5967791.28359375
4180 53651.95625 6021443.23984375
4190 55567.1671875 6077010.40703125
4200 52420.9265625 6129431.33359375
4210 1956.834375 6131388.16796875
4220 0 6131388.16796875
4230 0 6131388.16796875
4240 0 6131388.16796875
4250 0 6131388.16796875
4260 0 6131388.16796875
4260 0 6131388.16796875
