10 1.640625 1.640625
20 2.15625 3.796875
30 1.78125 5.578125
40 1.921875 7.5
50 1.359375 8.859375
60 2.484375 11.34375
70 2.15625 13.5
80 1.96875 15.46875
90 2.296875 17.765625
100 1.59375 19.359375
110 1.546875 20.90625
120 1.125 22.03125
130 1.828125 23.859375
140 1.359375 25.21875
150 1.828125 27.046875
160 1.5 28.546875
170 2.34375 30.890625
180 1.546875 32.4375
190 1.640625 34.078125
200 2.203125 36.28125
210 1.875 38.15625
220 1.3125 39.46875
230 1.828125 41.296875
240 1.734375 43.03125
250 1.359375 44.390625
260 1.734375 46.125
270 1.875 48
280 2.4375 50.4375
290 1.546875 51.984375
300 1.875 53.859375
310 2.015625 55.875
320 2.015625 57.890625
330 1.828125 59.71875
340 1.59375 61.3125
350 2.15625 63.46875
360 2.15625 65.625
370 1.6875 67.3125
380 1.40625 68.71875
390 3.046875 71.765625
400 1.875 73.640625
410 2.390625 76.03125
420 1.875 77.90625
430 2.296875 80.203125
440 2.34375 82.546875
450 1.875 84.421875
460 1.640625 86.0625
470 1.875 87.9375
480 2.296875 90.234375
490 2.25 92.484375
500 1.734375 94.21875
510 1.40625 95.625
520 1.828125 97.453125
530 1.828125 99.28125
540 1.828125 101.109375
550 2.0625 103.171875
560 2.25 105.421875
570 2.671875 108.09375
580 2.4375 110.53125
590 1.921875 112.453125
600 0.046875 112.5
610 3.46875 115.96875
620 3.234375 119.203125
630 3.234375 122.4375
640 3.65625 126.09375
650 3.515625 129.609375
660 3.84375 133.453125
670 4.40625 137.859375
680 3.515625 141.375
690 4.40625 145.78125
700 3.65625 149.4375
710 3.1875 152.625
720 3.46875 156.09375
730 4.21875 160.3125
740 3.9375 164.25
750 4.21875 168.46875
760 4.265625 172.734375
770 3.515625 176.25
780 3.796875 180.046875
790 3.84375 183.890625
800 2.90625 186.796875
810 3.890625 190.6875
820 4.078125 194.765625
830 4.125 198.890625
840 3.796875 202.6875
850 3.796875 206.484375
860 4.734375 211.21875
870 3.5625 214.78125
880 3.9375 218.71875
890 4.734375 223.453125
900 4.640625 228.09375
910 3.46875 231.5625
920 3.375 234.9375
930 4.078125 239.015625
940 4.21875 243.234375
950 3.703125 246.9375
960 3.515625 250.453125
970 3.984375 254.4375
980 3.796875 258.234375
990 3.984375 262.21875
1000 3.421875 265.640625
1010 4.546875 270.1875
1020 2.859375 273.046875
1030 4.640625 277.6875
1040 3.75 281.4375
1050 4.5 285.9375
1060 3.375 289.3125
1070 3.375 292.6875
1080 4.171875 296.859375
1090 4.3125 301.171875
1100 3.375 304.546875
1110 3.75 308.296875
1120 4.3125 312.609375
1130 3.65625 316.265625
1140 3.609375 319.875
1150 3.890625 323.765625
1160 4.640625 328.40625
1170 3.28125 331.6875
1180 4.21875 335.90625
1190 1.59375 337.5
1200 0 337.5
1210 7.78125 345.28125
1220 7.359375 352.640625
1230 8.25 360.890625
1240 7.453125 368.34375
1250 6.703125 375.046875
1260 7.40625 382.453125
1270 7.078125 389.53125
1280 7.125 396.65625
1290 7.359375 404.015625
1300 7.265625 411.28125
1310 7.78125 419.0625
1320 6.5625 425.625
1330 6.890625 432.515625
1340 7.359375 439.875
1350 7.96875 447.84375
1360 8.8125 456.65625
1370 7.171875 463.828125
1380 8.578125 472.40625
1390 6.609375 479.015625
1400 7.6875 486.703125
1410 6.328125 493.03125
1420 8.015625 501.046875
1430 6.75 507.796875
1440 7.734375 515.53125
1450 8.109375 523.640625
1460 7.359375 531
1470 6.984375 537.984375
1480 7.453125 545.4375
1490 6.703125 552.140625
1500 8.296875 560.4375
1510 6.890625 567.328125
1520 6.890625 574.21875
1530 8.25 582.46875
1540 8.25 590.71875
1550 7.40625 598.125
1560 7.5 605.625
1570 7.6875 613.3125
1580 7.6875 621
1590 7.171875 628.171875
1600 8.25 636.421875
1610 7.6875 644.109375
1620 6.796875 650.90625
1630 6.609375 657.515625
1640 6.65625 664.171875
1650 7.96875 672.140625
1660 7.828125 679.96875
1670 8.34375 688.3125
1680 7.640625 695.953125
1690 7.6875 703.640625
1700 5.8125 709.453125
1710 6.84375 716.296875
1720 6.796875 723.09375
1730 7.546875 730.640625
1740 6.609375 737.25
1750 8.0625 745.3125
1760 8.15625 753.46875
1770 7.40625 760.875
1780 7.828125 768.703125
1790 7.546875 776.25
1800 7.265625 783.515625
1810 13.546875 797.0625
1820 14.8125 811.875
1830 13.265625 825.140625
1840 14.671875 839.8125
1850 15.375 855.1875
1860 16.125 871.3125
1870 14.71875 886.03125
1880 13.5 899.53125
1890 14.859375 914.390625
1900 13.3125 927.703125
1910 13.078125 940.78125
1920 14.203125 954.984375
1930 15.515625 970.5
1940 14.25 984.75
1950 13.21875 997.96875
1960 16.828125 1014.796875
1970 13.640625 1028.4375
1980 13.78125 1042.21875
1990 13.6875 1055.90625
2000 16.40625 1072.3125
2010 14.109375 1086.421875
2020 14.71875 1101.140625
2030 15.375 1116.515625
2040 15.75 1132.265625
2050 15.421875 1147.6875
2060 15.328125 1163.015625
2070 16.3125 1179.328125
2080 12.796875 1192.125
2090 15.140625 1207.265625
2100 14.953125 1222.21875
2110 15.609375 1237.828125
2120 16.21875 1254.046875
2130 15.140625 1269.1875
2140 13.3125 1282.5
2150 14.203125 1296.703125
2160 15.09375 1311.796875
2170 15 1326.796875
2180 14.765625 1341.5625
2190 14.8125 1356.375
2200 14.34375 1370.71875
2210 15.1875 1385.90625
2220 13.59375 1399.5
2230 14.390625 1413.890625
2240 13.171875 1427.0625
2250 15.09375 1442.15625
2260 13.546875 1455.703125
2270 14.71875 1470.421875
2280 14.71875 1485.140625
2290 15.515625 1500.65625
2300 16.171875 1516.828125
2310 15.28125 1532.109375
2320 13.453125 1545.5625
2330 13.640625 1559.203125
2340 15.703125 1574.90625
2350 15.84375 1590.75
2360 14.0625 1604.8125
2370 15.796875 1620.609375
2380 14.109375 1634.71875
2390 15.46875 1650.1875
2400 14.25 1664.4375
2410 29.15625 1693.59375
2420 30.984375 1724.578125
2430 28.59375 1753.171875
2440 29.4375 1782.609375
2450 30.328125 1812.9375
2460 30.28125 1843.21875
2470 29.484375 1872.703125
2480 28.875 1901.578125
2490 27.421875 1929
2500 30.09375 1959.09375
2510 29.53125 1988.625
2520 29.34375 2017.96875
2530 29.953125 2047.921875
2540 30.328125 2078.25
2550 30.421875 2108.671875
2560 29.15625 2137.828125
2570 30.75 2168.578125
2580 29.203125 2197.78125
2590 25.96875 2223.75
2600 28.265625 2252.015625
2610 29.8125 2281.828125
2620 29.34375 2311.171875
2630 29.109375 2340.28125
2640 32.0625 2372.34375
2650 28.828125 2401.171875
2660 31.3125 2432.484375
2670 27.1875 2459.671875
2680 28.921875 2488.59375
2690 30.890625 2519.484375
2700 29.71875 2549.203125
2710 32.015625 2581.21875
2720 15.609375 2596.828125
2730 41.859375 2638.6875
2740 28.875 2667.5625
2750 29.109375 2696.671875
2760 29.484375 2726.15625
2770 29.15625 2755.3125
2780 29.390625 2784.703125
2790 30.046875 2814.75
2800 29.109375 2843.859375
2810 28.96875 2872.828125
2820 29.34375 2902.171875
2830 29.203125 2931.375
2840 29.0625 2960.4375
2850 32.484375 2992.921875
2860 30.28125 3023.203125
2870 27.609375 3050.8125
2880 29.859375 3080.671875
2890 29.90625 3110.578125
2900 29.34375 3139.921875
2910 29.671875 3169.59375
2920 29.484375 3199.078125
2930 28.96875 3228.046875
2940 29.34375 3257.390625
2950 29.109375 3286.5
2960 30.65625 3317.15625
2970 29.390625 3346.546875
2980 28.078125 3374.625
2990 30.46875 3405.09375
3000 27.515625 3432.609375
3010 53.90625 3486.515625
3020 57.515625 3544.03125
3030 58.546875 3602.578125
3040 59.34375 3661.921875
3050 58.640625 3720.5625
3060 57.75 3778.3125
3070 59.25 3837.5625
3080 58.828125 3896.390625
3090 55.59375 3951.984375
3100 58.6875 4010.671875
3110 58.21875 4068.890625
3120 58.171875 4127.0625
3130 55.3125 4182.375
3140 62.015625 4244.390625
3150 60.046875 4304.4375
3160 60.140625 4364.578125
3170 61.6875 4426.265625
3180 61.828125 4488.09375
3190 55.5 4543.59375
3200 58.546875 4602.140625
3210 57.890625 4660.03125
3220 58.640625 4718.671875
3230 57.328125 4776
3240 43.5 4819.5
3250 70.5 4890
3260 56.859375 4946.859375
3270 57.328125 5004.1875
3280 62.15625 5066.34375
3290 55.921875 5122.265625
3300 57.703125 5179.96875
3310 57.09375 5237.0625
3320 58.546875 5295.609375
3330 57.375 5352.984375
3340 54.375 5407.359375
3350 56.859375 5464.21875
3360 59.390625 5523.609375
3370 56.109375 5579.71875
3380 59.25 5638.96875
3390 59.015625 5697.984375
3400 57.375 5755.359375
3410 56.53125 5811.890625
3420 59.203125 5871.09375
3430 57.515625 5928.609375
3440 57.1875 5985.796875
3450 56.15625 6041.953125
3460 57.890625 6099.84375
3470 57.140625 6156.984375
3480 46.453125 6203.4375
3490 71.34375 6274.78125
3500 53.109375 6327.890625
3510 59.765625 6387.65625
3520 57.1875 6444.84375
3530 41.8125 6486.65625
3540 74.8125 6561.46875
3550 60.46875 6621.9375
3560 59.15625 6681.09375
3570 55.6875 6736.78125
3580 60.5625 6797.34375
3590 57.28125 6854.625
3600 59.0625 6913.6875
3610 109.453125 7023.140625
3620 107.109375 7130.25
3630 115.875 7246.125
3640 59.90625 7306.03125
3650 158.71875 7464.75
3660 129.421875 7594.171875
3670 112.78125 7706.953125
3680 116.71875 7823.671875
3690 112.921875 7936.59375
3700 115.78125 8052.375
3710 115.453125 8167.828125
3720 113.578125 8281.40625
3730 115.5 8396.90625
3740 113.8125 8510.71875
3750 99.140625 8609.859375
3760 123.46875 8733.328125
3770 96.84375 8830.171875
3780 126.609375 8956.78125
3790 94.125 9050.90625
3800 125.765625 9176.671875
3810 124.546875 9301.21875
3820 120.75 9421.96875
3830 108.515625 9530.484375
3840 112.546875 9643.03125
3850 119.4375 9762.46875
3860 112.21875 9874.6875
3870 106.40625 9981.09375
3880 122.203125 10103.296875
3890 96.75 10200.046875
3900 127.875 10327.921875
3910 105.984375 10433.90625
3920 124.5 10558.40625
3930 113.484375 10671.890625
3940 113.015625 10784.90625
3950 113.578125 10898.484375
3960 115.21875 11013.703125
3970 104.4375 11118.140625
3980 112.21875 11230.359375
3990 115.96875 11346.328125
4000 131.109375 11477.4375
4010 91.03125 11568.46875
4020 114.515625 11682.984375
4030 126.421875 11809.40625
4040 100.875 11910.28125
4050 120.609375 12030.890625
4060 117.140625 12148.03125
4070 106.828125 12254.859375
4080 117.75 12372.609375
4090 114.984375 12487.59375
4100 105.75 12593.34375
4110 131.859375 12725.203125
4120 112.125 12837.328125
4130 114.46875 12951.796875
4140 95.953125 13047.75
4150 123.421875 13171.171875
4160 111 13282.171875
4170 117.515625 13399.6875
4180 114.75 13514.4375
4190 118.265625 13632.703125
4200 111.1875 13743.890625
4210 3.046875 13746.9375
4220 0 13746.9375
4230 0 13746.9375
4240 0 13746.9375
4250 0 13746.9375
4260 0 13746.9375
4260 0 13746.9375
