0 0 0
10 0 2
20 1 3
30 1 3
40 0 3
50 0 4
60 0 4
70 2 4
80 0 4
90 1 4
100 1 4
110 0 4
120 0 4
130 0 4
140 0 4
150 1 4
160 1 4
170 0 4
180 0 4
190 0 4
200 0 5
210 1 5
220 2 5
230 0 5
240 1 5
250 0 5
260 1 5
270 0 5
280 1 5
290 1 5
300 0 5
310 0 5
320 0 5
330 0 5
340 0 5
350 2 5
360 1 5
370 0 5
380 1 5
390 0 5
400 0 5
410 1 5
420 0 5
430 0 5
440 2 5
450 0 5
460 0 5
470 0 5
480 0 5
490 0 5
500 0 5
510 0 5
520 0 5
530 2 5
540 0 5
550 0 5
560 0 5
570 0 5
580 0 5
590 0 5
600 0 5
610 1 6
620 1 6
630 0 6
640 1 6
650 1 6
660 2 6
670 3 6
680 1 6
690 0 6
700 2 6
710 1 6
720 2 6
730 1 6
740 0 6
750 3 6
760 0 6
770 2 6
780 1 6
790 1 6
800 1 6
810 1 7
820 1 7
830 1 7
840 4 7
850 2 7
860 1 7
870 2 7
880 1 7
890 0 7
900 1 7
910 1 7
920 1 7
930 2 7
940 0 7
950 0 7
960 2 7
970 1 7
980 0 7
990 1 7
1000 0 7
1010 1 7
1020 1 7
1030 1 7
1040 1 7
1050 0 7
1060 0 7
1070 0 7
1080 1 7
1090 1 7
1100 1 7
1110 2 7
1120 1 7
1130 0 7
1140 1 7
1150 1 7
1160 1 7
1170 3 7
1180 1 7
1190 0 7
1200 0 7
1210 2 8
1220 0 8
1230 5 8
1240 1 8
1250 2 8
1260 5 8
1270 2 8
1280 1 8
1290 4 8
1300 6 8
1310 1 8
1320 4 8
1330 2 8
1340 2 8
1350 5 8
1360 4 9
1370 1 9
1380 2 9
1390 4 9
1400 0 9
1410 1 9
1420 3 9
1430 2 9
1440 2 9
1450 2 9
1460 0 9
1470 2 9
1480 4 9
1490 1 9
1500 0 10
1510 0 10
1520 1 10
1530 2 10
1540 4 10
1550 0 10
1560 5 10
1570 0 10
1580 4 10
1590 2 10
1600 2 10
1610 3 10
1620 0 10
1630 0 10
1640 3 10
1650 2 10
1660 1 10
1670 2 10
1680 2 10
1690 3 10
1700 2 10
1710 1 10
1720 1 10
1730 0 10
1740 1 10
1750 0 10
1760 2 10
1770 1 10
1780 3 10
1790 1 10
1800 4 10
1810 6 10
1820 3 11
1830 1 11
1840 4 11
1850 2 12
1860 3 13
1870 6 13
1880 1 13
1890 3 13
1900 4 13
1910 7 13
1920 6 15
1930 5 15
1940 1 15
1950 2 15
1960 1 15
1970 3 15
1980 5 15
1990 10 15
2000 3 15
2010 2 15
2020 3 15
2030 9 21
2040 3 21
2050 4 21
2060 7 21
2070 4 21
2080 2 21
2090 4 21
2100 5 21
2110 4 21
2120 5 21
2130 3 21
2140 2 21
2150 8 21
2160 8 21
2170 10 21
2180 5 21
2190 3 21
2200 5 21
2210 3 21
2220 4 21
2230 1 21
2240 6 21
2250 1 21
2260 5 21
2270 7 21
2280 6 21
2290 1 21
2300 5 21
2310 3 21
2320 1 21
2330 5 21
2340 4 21
2350 6 21
2360 2 21
2370 2 21
2380 3 21
2390 6 21
2400 1 21
2410 11 23
2420 12 23
2430 11 23
2440 10 23
2450 209 332
2460 6 332
2470 15 332
2480 10 332
2490 15 332
2500 13 332
2510 13 332
2520 12 332
2530 10 332
2540 9 332
2550 9 332
2560 6 332
2570 11 332
2580 2 332
2590 9 332
2600 8 332
2610 6 332
2620 12 332
2630 8 332
2640 7 332
2650 8 332
2660 9 332
2670 12 332
2680 13 332
2690 13 332
2700 13 332
2710 10 332
2720 284 332
2730 11 332
2740 8 332
2750 10 332
2760 12 332
2770 10 332
2780 9 332
2790 6 332
2800 7 332
2810 11 332
2820 5 332
2830 2 332
2840 8 332
2850 6 332
2860 2 332
2870 18 332
2880 4 332
2890 7 332
2900 13 332
2910 11 332
2920 9 332
2930 5 332
2940 7 332
2950 11 332
2960 7 332
2970 4 332
2980 8 332
2990 323 333
3000 6 333
3010 87 333
3020 139 333
3030 404 634
3040 392 634
3050 396 634
3060 390 634
3070 403 634
3080 381 634
3090 394 634
3100 400 634
3110 403 634
3120 392 634
3130 418 634
3140 402 648
3150 407 648
3160 400 648
3170 404 648
3180 385 648
3190 398 648
3200 401 648
3210 393 648
3220 398 648
3230 396 648
3240 422 648
3250 397 648
3260 398 648
3270 404 648
3280 403 648
3290 386 648
3300 394 648
3310 398 648
3320 395 648
3330 378 648
3340 82 648
3350 26 648
3360 26 648
3370 24 648
3380 15 648
3390 31 648
3400 11 648
3410 49 648
3420 28 648
3430 15 648
3440 18 648
3450 18 648
3460 18 648
3470 19 648
3480 282 648
3490 38 658
3500 14 658
3510 21 658
3520 16 658
3530 356 658
3540 18 660
3550 14 660
3560 9 660
3570 20 660
3580 17 660
3590 18 660
3600 12 660
3610 237 660
3620 387 660
3630 708 713
3640 1148 1148
3650 956 1235
3660 732 1235
3670 722 1235
3680 733 1235
3690 731 1235
3700 728 1235
3710 737 1235
3720 741 1235
3730 739 1235
3740 723 1235
3750 789 1235
3760 738 1235
3770 1052 1235
3780 762 1235
3790 781 1235
3800 316 1304
3810 192 1304
3820 351 1304
3830 527 1304
3840 580 1304
3850 731 1304
3860 788 1304
3870 801 1304
3880 800 1304
3890 905 1304
3900 831 1304
3910 1061 1314
3920 803 1314
3930 799 1314
3940 783 1314
3950 801 1314
3960 798 1314
3970 961 1314
3980 349 1314
3990 255 1314
4000 79 1314
4010 560 1314
4020 739 1314
4030 787 1314
4040 1040 1314
4050 443 1314
4060 30 1314
4070 91 1314
4080 40 1314
4090 23 1314
4100 1062 1314
4110 507 1314
4120 27 1314
4130 33 1314
4140 245 1314
4150 30 1314
4160 127 1314
4170 39 1314
4180 46 1314
4190 33 1314
4200 31 1314
4210 0 1314
4220 0 1314
4230 0 1314
4240 0 1314
4250 0 1314
4260 0 1314
4260 0 1314
