0 0 0
10 3.7 37
20 4.5 82
30 3.9 121
40 4 161
50 3.1 192
60 5.2 244
70 4.7 291
80 4 331
90 4.9 380
100 3.4 414
110 3.3 447
120 2.4 471
130 3.8 509
140 2.9 538
150 4 578
160 3.2 610
170 4.9 659
180 3.3 692
190 3.5 727
200 4.7 774
210 4.1 815
220 2.7 842
230 3.9 881
240 3.9 920
250 2.9 949
260 3.6 985
270 4.1 1026
280 5.4 1080
290 3.1 1111
300 3.8 1149
310 4.4 1193
320 4.3 1236
330 4 1276
340 3.3 1309
350 4.7 1356
360 4.6 1402
370 3.4 1436
380 3.2 1468
390 6.3 1531
400 4 1571
410 5.2 1623
420 3.9 1662
430 4.9 1711
440 5.2 1763
450 3.8 1801
460 3.5 1836
470 4 1876
480 4.9 1925
490 4.8 1973
500 3.7 2010
510 3 2040
520 3.9 2079
530 4.1 2120
540 4 2160
550 4.1 2201
560 4.9 2250
570 5.7 2307
580 5.1 2358
590 4.1 2399
600 0.1 2400
610 7.6 2476
620 7 2546
630 6.6 2612
640 8.1 2693
650 7.3 2766
660 8.3 2849
670 9.5 2944
680 7.3 3017
690 9.3 3110
700 8 3190
710 6.7 3257
720 7.5 3332
730 8.8 3420
740 8.5 3505
750 9.6 3601
760 8.7 3688
770 8 3768
780 7.4 3842
790 8.7 3929
800 6.2 3991
810 8 4071
820 9 4161
830 8.6 4247
840 8.5 4332
850 7.5 4407
860 10.1 4508
870 7.7 4585
880 8.3 4668
890 10 4768
900 10 4868
910 7.3 4941
920 7.2 5013
930 8.8 5101
940 8.8 5189
950 7.9 5268
960 7.7 5345
970 8.3 5428
980 8.1 5509
990 8.8 5597
1000 7.4 5671
1010 9.7 5768
1020 6 5828
1030 9.7 5925
1040 8.4 6009
1050 9.2 6101
1060 7.2 6173
1070 7.3 6246
1080 8.9 6335
1090 9.2 6427
1100 7.1 6498
1110 8.5 6583
1120 8.7 6670
1130 7.7 6747
1140 7.8 6825
1150 8.3 6908
1160 10 7008
1170 7.1 7079
1180 8.8 7167
1190 3.3 7200
1200 0 7200
1210 16.7 7367
1220 15.6 7523
1230 17.6 7699
1240 16.6 7865
1250 14.3 8008
1260 16.2 8170
1270 14.9 8319
1280 14.9 8468
1290 15.9 8627
1300 15.6 8783
1310 16 8943
1320 14.3 9086
1330 14.4 9230
1340 15.9 9389
1350 17 9559
1360 19 9749
1370 14.9 9898
1380 18.6 10084
1390 14.1 10225
1400 15.9 10384
1410 13.6 10520
1420 17.3 10693
1430 14.3 10836
1440 16.4 11000
1450 17.2 11172
1460 15.6 11328
1470 15 11478
1480 15.8 11636
1490 14.8 11784
1500 17.7 11961
1510 15 12111
1520 14.5 12256
1530 17.7 12433
1540 17.9 12612
1550 15.5 12767
1560 16.4 12931
1570 15.6 13087
1580 16.8 13255
1590 14.9 13404
1600 17.6 13580
1610 16.8 13748
1620 14 13888
1630 14.2 14030
1640 14.2 14172
1650 17 14342
1660 16.7 14509
1670 17.7 14686
1680 16.3 14849
1690 16.5 15014
1700 12.3 15137
1710 14.5 15282
1720 14.5 15427
1730 16 15587
1740 15.1 15738
1750 16.7 15905
1760 17.7 16082
1770 15.3 16235
1780 16.9 16404
1790 15.8 16562
1800 16.1 16723
1810 28.8 17011
1820 32 17331
1830 27.7 17608
1840 31.7 17925
1850 33 18255
1860 33.9 18594
1870 31.6 18910
1880 28.3 19193
1890 32 19513
1900 28.4 19797
1910 28.1 20078
1920 30.1 20379
1930 33 20709
1940 30 21009
1950 28.2 21291
1960 35.9 21650
1970 29.1 21941
1980 29.3 22234
1990 31.2 22546
2000 34.3 22889
2010 29.9 23188
2020 32.2 23510
2030 32.3 23833
2040 33.3 24166
2050 32.9 24495
2060 32.9 24824
2070 34.3 25167
2080 27.5 25442
2090 32.5 25767
2100 31.8 26085
2110 33.1 26416
2120 34.3 26759
2130 32.3 27082
2140 28.7 27369
2150 30.4 27673
2160 32.2 27995
2170 32 28315
2180 31.1 28626
2190 31.3 28939
2200 30.8 29247
2210 32.1 29568
2220 28.9 29857
2230 30.6 30163
2240 29.5 30458
2250 31.7 30775
2260 29.9 31074
2270 31.5 31389
2280 31.4 31703
2290 32.2 32025
2300 34.5 32370
2310 32.6 32696
2320 28.4 32980
2330 29.5 33275
2340 33.4 33609
2350 34.1 33950
2360 29.5 34245
2370 33.7 34582
2380 29.7 34879
2390 33.4 35213
2400 29.7 35510
2410 63.5 36145
2420 65.6 36801
2430 61.1 37412
2440 62.5 38037
2450 64.2 38679
2460 64.5 39324
2470 63.1 39955
2480 61.4 40569
2490 62.6 41195
2500 63.9 41834
2510 62.5 42459
2520 63.5 43094
2530 62.7 43721
2540 64.2 44363
2550 64.7 45010
2560 62.2 45632
2570 65.4 46286
2580 61.5 46901
2590 56.5 47466
2600 59.5 48061
2610 62.8 48689
2620 63.4 49323
2630 61.7 49940
2640 68.1 50621
2650 61.7 51238
2660 66.7 51905
2670 58.2 52487
2680 61.4 53101
2690 66.2 53763
2700 62.8 54391
2710 68 55071
2720 61.2 55683
2730 61 56293
2740 64.7 56940
2750 62.6 57566
2760 63.1 58197
2770 61.4 58811
2780 62.2 59433
2790 64.4 60077
2800 61.2 60689
2810 62.9 61318
2820 61.7 61935
2830 61.1 62546
2840 63 63176
2850 69.1 63867
2860 64 64507
2870 59.9 65106
2880 62.2 65728
2890 64.5 66373
2900 62.9 67002
2910 62.9 67631
2920 62.7 68258
2930 61.1 68869
2940 62.7 69496
2950 62.4 70120
2960 65 70770
2970 62.4 71394
2980 59.9 71993
2990 65.1 72644
3000 61.2 73256
3010 118.9 74445
3020 121.9 75664
3030 125.6 76920
3040 124.8 78168
3050 125.1 79419
3060 123.2 80651
3070 126.9 81920
3080 124.2 83162
3090 118.2 84344
3100 125.4 85598
3110 124.7 86845
3120 122.6 88071
3130 126.8 89339
3140 123.7 90576
3150 128.5 91861
3160 127.4 93135
3170 131.8 94453
3180 130.2 95755
3190 118.9 96944
3200 124.8 98192
3210 122.8 99420
3220 125.1 100671
3230 122.1 101892
3240 124.3 103135
3250 124.6 104381
3260 121.8 105599
3270 122.2 106821
3280 132 108141
3290 118.4 109325
3300 122.5 110550
3310 122.1 111771
3320 123.8 113009
3330 121.9 114228
3340 117.2 115400
3350 121.2 116612
3360 126 117872
3370 119.1 119063
3380 126 120323
3390 126.5 121588
3400 121.1 122799
3410 123.7 124036
3420 123.8 125274
3430 122 126494
3440 121.9 127713
3450 119.4 128907
3460 123.2 130139
3470 121.7 131356
3480 126.6 132622
3490 124.3 133865
3500 119.5 135060
3510 127.2 136332
3520 121.1 137543
3530 119.5 138738
3540 128.9 140027
3550 128.7 141314
3560 125 142564
3570 120.3 143767
3580 129.2 145059
3590 122.2 146281
3600 124.8 147529
3610 235.9 149888
3620 227.8 152166
3630 247.2 154638
3640 237.2 157010
3650 250.5 159515
3660 253.4 162049
3670 239.7 164446
3680 249.4 166940
3690 240.5 169345
3700 246.2 171807
3710 246 174267
3720 242.4 176691
3730 245.1 179142
3740 242.3 181565
3750 240.9 183974
3760 245 186424
3770 237.3 188797
3780 242.2 191219
3790 241.1 193630
3800 252.7 196157
3810 244.4 198601
3820 249.2 201093
3830 240.4 203497
3840 236.6 205863
3850 247.3 208336
3860 238.1 210717
3870 241.8 213135
3880 245.1 215586
3890 235.2 217938
3900 246.6 220404
3910 249.2 222896
3920 238.8 225284
3930 241.3 227697
3940 240 230097
3950 241.7 232514
3960 245.7 234971
3970 251 237481
3980 254.5 240026
3990 237.2 242398
4000 255.7 244955
4010 221.5 247170
4020 237.2 249542
4030 249.2 252034
4040 243.3 254467
4050 242.3 256890
4060 233.8 259228
4070 233.8 261566
4080 245.7 264023
4090 242.9 266452
4100 251.9 268971
4110 255.6 271527
4120 238 273907
4130 244.2 276349
4140 225.1 278600
4150 241.7 281017
4160 245.2 283469
4170 241.7 285886
4180 243.7 288323
4190 251.7 290840
4200 237.4 293214
4210 5.4 293268
4220 0 293268
4230 0 293268
4240 0 293268
4250 0 293268
4260 0 293268
4260 0 293268
